element_start,add_1_anti_block,Effect
m_Chance,1,
m_TokenAddId,anti_block,
m_TokenAddAmount,1,
m_ShowValue,False,
m_IsVisible,False,
element_end
element_start,add_1_anti_block_inevitable_end,Effect
m_Chance,1,
m_TokenAddId,anti_block,
m_TokenAddAmount,1,
m_ShowValue,False,
all_conditions,skill_is_lep_break,
m_IsVisible,False,
element_end
element_start,add_1_anti_dodge,Effect
m_Chance,1,
m_TokenAddId,anti_dodge,
m_TokenAddAmount,1,
m_ShowValue,False,
m_IsVisible,False,
element_end
element_start,add_1_anti_stealth,Effect
m_Chance,1,
m_TokenAddId,anti_stealth,
m_TokenAddAmount,1,
m_ShowValue,False,
m_IsVisible,False,
element_end
element_start,add_1_barnacle,Effect
m_Chance,1,
m_TokenAddId,barnacle,
m_TokenAddAmount,1,
m_ShowValue,False,
m_IsLockedTeamPosition,True,
element_end
element_start,add_1_barnacle_33pct,Effect
m_Chance,0.33,
m_TokenAddId,barnacle,
m_TokenAddAmount,1,
m_ShowValue,False,
m_IsLockedTeamPosition,True,
element_end
element_start,add_1_barnacle_50pct,Effect
m_Chance,0.5,
m_TokenAddId,barnacle,
m_TokenAddAmount,1,
m_ShowValue,False,
m_IsLockedTeamPosition,True,
element_end
element_start,add_1_barnacle_5pct,Effect
m_Chance,0.05,
m_TokenAddId,barnacle,
m_TokenAddAmount,1,
m_ShowValue,False,
m_IsLockedTeamPosition,True,
element_end
element_start,add_1_benediction_50pct,Effect
m_Chance,0.5,
m_TokenAddId,benediction,
m_TokenAddAmount,1,
m_ShowValue,False,
element_end
element_start,add_1_blessing_of_fortitude,Effect
m_Chance,1,
m_TokenAddId,blessing_of_fortitude,
m_TokenAddAmount,1,
m_ShowValue,False,
m_IsLockedTeamPosition,True,
element_end
element_start,add_1_blessing_of_fortitude_p2,Effect
m_Chance,1,
m_TokenAddId,blessing_of_fortitude_p2,
m_TokenAddAmount,1,
m_ShowValue,False,
m_IsLockedTeamPosition,True,
element_end
element_start,add_1_blessing_of_fortitude_p2_u,Effect
m_Chance,1,
m_TokenAddId,blessing_of_fortitude_p2_u,
m_TokenAddAmount,1,
m_ShowValue,False,
m_IsLockedTeamPosition,True,
element_end
element_start,add_1_blessing_of_fortitude_u,Effect
m_Chance,1,
m_TokenAddId,blessing_of_fortitude_u,
m_TokenAddAmount,1,
m_ShowValue,False,
m_IsLockedTeamPosition,True,
element_end
element_start,add_1_blessing_of_light,Effect
m_Chance,1,
m_TokenAddId,blessing_of_light,
m_TokenAddAmount,1,
m_ShowValue,False,
m_IsLockedTeamPosition,True,
element_end
element_start,add_1_blessing_of_light_p2,Effect
m_Chance,1,
m_TokenAddId,blessing_of_light_p2,
m_TokenAddAmount,1,
m_ShowValue,False,
m_IsLockedTeamPosition,True,
element_end
element_start,add_1_blessing_of_light_p2_u,Effect
m_Chance,1,
m_TokenAddId,blessing_of_light_p2_u,
m_TokenAddAmount,1,
m_ShowValue,False,
m_IsLockedTeamPosition,True,
element_end
element_start,add_1_blessing_of_light_u,Effect
m_Chance,1,
m_TokenAddId,blessing_of_light_u,
m_TokenAddAmount,1,
m_ShowValue,False,
m_IsLockedTeamPosition,True,
element_end
element_start,add_1_blind,Effect
m_Chance,1,
m_TokenAddId,blind,
m_TokenAddAmount,1,
m_ShowValue,False,
element_end
element_start,add_1_blind_10pct,Effect
m_Chance,0.1,
m_TokenAddId,blind,
m_TokenAddAmount,1,
m_ShowValue,False,
element_end
element_start,add_1_blind_10pct_spd_2orless,Effect
m_Chance,0.1,
m_TokenAddId,blind,
m_TokenAddAmount,1,
m_ShowValue,False,
all_conditions,performer_speed_2orless,
element_end
element_start,add_1_blind_15pct,Effect
m_Chance,0.15,
m_TokenAddId,blind,
m_TokenAddAmount,1,
m_ShowValue,False,
element_end
element_start,add_1_blind_20pct,Effect
m_Chance,0.2,
m_TokenAddId,blind,
m_TokenAddAmount,1,
m_ShowValue,False,
element_end
element_start,add_1_blind_25pct,Effect
m_Chance,0.25,
m_TokenAddId,blind,
m_TokenAddAmount,1,
m_ShowValue,False,
element_end
element_start,add_1_blind_25pct_nr,Effect
m_Chance,0.25,
m_IgnoreResist,True,
m_TokenAddId,blind,
m_TokenAddAmount,1,
m_ShowValue,False,
element_end
element_start,add_1_blind_40pct,Effect
m_Chance,0.4,
m_TokenAddId,blind,
m_TokenAddAmount,1,
m_ShowValue,False,
element_end
element_start,add_1_blind_50pct,Effect
m_Chance,0.5,
m_TokenAddId,blind,
m_TokenAddAmount,1,
m_ShowValue,False,
element_end
element_start,add_1_blind_50pct_nr,Effect
m_Chance,0.5,
m_IgnoreResist,True,
m_TokenAddId,blind,
m_TokenAddAmount,1,
m_ShowValue,False,
element_end
element_start,add_1_blind_5pct,Effect
m_Chance,0.05,
m_TokenAddId,blind,
m_TokenAddAmount,1,
m_ShowValue,False,
element_end
element_start,add_1_blind_75pct,Effect
m_Chance,0.75,
m_TokenAddId,blind,
m_TokenAddAmount,1,
m_ShowValue,False,
element_end
element_start,add_1_blind_7pct,Effect
m_Chance,0.07,
m_TokenAddId,blind,
m_TokenAddAmount,1,
m_ShowValue,False,
element_end
element_start,add_1_blind_bh_flashbang,Effect
m_Chance,1,
m_TokenAddId,blind,
m_TokenAddAmount,1,
m_ShowValue,False,
all_conditions,skill_is_bh_flashbang,
element_end
element_start,add_1_blind_if_first_initiative,Effect
m_Chance,1,
m_TokenAddId,blind,
m_TokenAddAmount,1,
m_ShowValue,False,
all_conditions,performer_has_first_initiative,
element_end
element_start,add_1_blind_nr,Effect
m_Chance,1,
m_IgnoreResist,True,
m_TokenAddId,blind,
m_TokenAddAmount,1,
m_ShowValue,False,
element_end
element_start,add_1_block,Effect
m_Chance,1,
m_TokenAddId,block,
m_TokenAddAmount,1,
m_ShowValue,False,
element_end
element_start,add_1_block_10pct,Effect
m_Chance,0.1,
m_TokenAddId,block,
m_TokenAddAmount,1,
m_ShowValue,False,
element_end
element_start,add_1_block_15pct,Effect
m_Chance,0.15,
m_TokenAddId,block,
m_TokenAddAmount,1,
m_ShowValue,False,
element_end
element_start,add_1_block_20pct,Effect
m_Chance,0.2,
m_TokenAddId,block,
m_TokenAddAmount,1,
m_ShowValue,False,
element_end
element_start,add_1_block_25pct,Effect
m_Chance,0.25,
m_TokenAddId,block,
m_TokenAddAmount,1,
m_ShowValue,False,
element_end
element_start,add_1_block_33pct,Effect
m_Chance,0.33,
m_TokenAddId,block,
m_TokenAddAmount,1,
m_ShowValue,False,
element_end
element_start,add_1_block_50pct,Effect
m_Chance,0.5,
m_TokenAddId,block,
m_TokenAddAmount,1,
m_ShowValue,False,
element_end
element_start,add_1_block_seamens_boots,Effect
m_Chance,0.66,
m_TokenAddId,block,
m_TokenAddAmount,1,
m_ShowValue,False,
all_conditions,performer_speed_2orless,
element_end
element_start,add_1_block_66pct,Effect
m_Chance,0.33,
m_TokenAddId,block,
m_TokenAddAmount,1,
m_ShowValue,False,
element_end
element_start,add_1_block_66pct_spd_target_2orless,Effect
m_Chance,0.66,
m_TokenAddId,block,
m_TokenAddAmount,1,
m_ShowValue,False,
all_conditions,target_speed_2orless,
element_end
element_start,add_1_block_chance_very_low,Effect
m_Chance,0.05,
m_TokenAddId,block,
m_TokenAddAmount,1,
m_ShowValue,False,
element_end
element_start,add_1_block_heal_skills_33pct,Effect
m_Chance,0.33,
m_TokenAddId,block,
m_TokenAddAmount,1,
m_ShowValue,False,
all_conditions,skill_is_heal,
element_end
element_start,add_1_block_if_run_denial,Effect
m_Chance,1,
m_TokenAddId,block,
m_TokenAddAmount,1,
m_ShowValue,False,
all_conditions,run_boss_is_brain,
element_end
element_start,add_1_block_low_confession,Effect
m_Chance,1,
m_TokenAddId,block,
m_TokenAddAmount,1,
m_ShowValue,False,
any_conditions,run_boss_is_brain,run_boss_is_lungs,
element_end
element_start,add_1_block_pd_ounce_of_prevention,Effect
m_Chance,1,
m_TokenAddId,block,
m_TokenAddAmount,1,
m_ShowValue,False,
all_conditions,skill_is_pd_ounce_of_prevention,
element_end
element_start,add_1_block_plus,Effect
m_Chance,1,
m_TokenAddId,block_plus,
m_TokenAddAmount,1,
m_ShowValue,False,
element_end
element_start,add_1_block_plus_33pct,Effect
m_Chance,0.33,
m_TokenAddId,block_plus,
m_TokenAddAmount,1,
m_ShowValue,False,
element_end
element_start,add_1_block_plus_50pct,Effect
m_Chance,0.5,
m_TokenAddId,block_plus,
m_TokenAddAmount,1,
m_ShowValue,False,
element_end
element_start,add_1_block_plus_fake,Effect
m_Chance,1,
m_TokenAddId,block_plus,
m_TokenAddAmount,1,
m_ShowValue,False,
all_conditions,always_return_false_hidden,
element_end
element_start,add_1_block_plus_high_confession,Effect
m_Chance,1,
m_TokenAddId,block_plus,
m_TokenAddAmount,1,
m_ShowValue,False,
any_conditions,run_boss_is_eyes,run_boss_is_arms,run_boss_is_body,
element_end
element_start,add_1_block_plus_small_chance,Effect
m_Chance,0.2,
m_TokenAddId,block_plus,
m_TokenAddAmount,1,
m_ShowValue,False,
element_end
element_start,add_1_block_plus_tiny_chance,Effect
m_Chance,0.05,
m_TokenAddId,block_plus,
m_TokenAddAmount,1,
m_ShowValue,False,
element_end
element_start,add_1_block_target_is_corpse,Effect
m_Chance,1,
m_TokenAddId,block,
m_TokenAddAmount,1,
m_ShowValue,False,
all_conditions,target_is_corpse,
element_end
element_start,add_1_call_of_the_deep,Effect
m_Chance,1,
m_IgnoreResist,True,
m_TokenAddId,call_of_the_deep,
m_TokenAddAmount,1,
m_ShowValue,False,
element_end
element_start,add_1_call_of_the_deep_rank_1,Effect
m_Chance,1,
m_TokenAddId,call_of_the_deep,
m_TokenAddAmount,1,
m_ShowValue,False,
all_conditions,target_is_in_rank_1,
element_end
element_start,add_1_call_of_the_deep_rank_1_33pct,Effect
m_Chance,0.33,
m_TokenAddId,call_of_the_deep,
m_TokenAddAmount,1,
m_ShowValue,False,
all_conditions,target_is_in_rank_1,
element_end
element_start,add_1_call_of_the_deep_rank_2,Effect
m_Chance,1,
m_TokenAddId,call_of_the_deep,
m_TokenAddAmount,1,
m_ShowValue,False,
all_conditions,target_is_in_rank_2,
element_end
element_start,add_1_call_of_the_deep_rank_3_50pct,Effect
m_Chance,0.5,
m_TokenAddId,call_of_the_deep,
m_TokenAddAmount,1,
m_ShowValue,False,
all_conditions,target_is_in_rank_3,
element_end
element_start,add_1_call_of_the_deep_rank_3_if_hero_dead,Effect
m_Chance,1,
m_TokenAddId,call_of_the_deep,
m_TokenAddAmount,1,
m_ShowValue,False,
all_conditions,target_is_in_rank_3,hero_party_has_less_than_4_heroes,
element_end
element_start,add_1_call_of_the_deep_rank_4,Effect
m_Chance,1,
m_TokenAddId,call_of_the_deep,
m_TokenAddAmount,1,
m_ShowValue,False,
all_conditions,target_is_in_rank_4,
element_end
element_start,add_1_combo,Effect
m_Chance,1,
m_TokenAddId,combo,
m_TokenAddAmount,1,
m_ShowValue,False,
element_end
element_start,add_1_combo_has_no_focus,Effect
m_Chance,1,
m_TokenAddId,combo,
m_TokenAddAmount,1,
m_ShowValue,False,
all_conditions,performer_has_no_focus_tokens,
element_end
element_start,add_1_combo_33pct,Effect
m_Chance,0.33,
m_TokenAddId,combo,
m_TokenAddAmount,1,
m_ShowValue,False,
element_end
element_start,add_1_combo_33pct_hidden,Effect
m_Chance,0.33,
m_TokenAddId,combo,
m_TokenAddAmount,1,
m_ShowValue,False,
m_IsVisible,False,
element_end
element_start,add_1_combo_50pct,Effect
m_Chance,0.5,
m_TokenAddId,combo,
m_TokenAddAmount,1,
m_ShowValue,False,
element_end
element_start,add_1_combo_first_initiative,Effect
m_Chance,1,
m_TokenAddId,combo,
m_TokenAddAmount,1,
m_ShowValue,False,
all_conditions,performer_has_first_initiative,
element_end
element_start,add_1_combo_flame_40orless,Effect
m_Chance,0.33,
m_TokenAddId,combo,
m_TokenAddAmount,1,
m_ShowValue,False,
all_conditions,torchlight_below_40,
element_end
element_start,add_1_combo_flame_rank_4_33pct,Effect
m_Chance,0.33,
m_TokenAddId,combo,
m_TokenAddAmount,1,
m_ShowValue,False,
all_conditions,performer_is_in_rank_4,
element_end
element_start,add_1_combo_hel_breakthrough,Effect
m_Chance,1,
m_TokenAddId,combo,
m_TokenAddAmount,1,
m_ShowValue,False,
all_conditions,skill_is_hel_breakthrough,
element_end
element_start,add_1_neg_token_hel_breakthrough,Effect
m_Chance,1,
m_TokenAddTag,neg_trinket_token,
m_TokenAddAmount,1,
all_conditions,skill_is_hel_breakthrough,
element_end
element_start,add_1_combo_lep_intimidate,Effect
m_Chance,1,
m_TokenAddId,combo,
m_TokenAddAmount,1,
m_ShowValue,False,
all_conditions,skill_is_lep_intimidate,
element_end
element_start,add_1_combo_run_hearthlight,Effect
m_Chance,0.5,
m_TokenAddId,combo,
m_TokenAddAmount,1,
m_ShowValue,False,
all_conditions,skill_is_run_hearthlight,
element_end
element_start,add_1_controlled_burn,Effect
m_Chance,1,
m_TokenAddId,controlled_burn,
m_TokenAddAmount,1,
m_ShowValue,False,
m_IsLockedTeamPosition,True,
element_end
element_start,add_1_controlled_burn_u,Effect
m_Chance,1,
m_TokenAddId,controlled_burn_u,
m_TokenAddAmount,1,
m_ShowValue,False,
m_IsLockedTeamPosition,True,
element_end
element_start,add_1_conviction,Effect
m_Chance,1,
m_TokenAddId,conviction,
m_TokenAddAmount,1,
m_ShowValue,False,
element_end
element_start,add_1_conviction_if_glimmer,Effect
m_Chance,1,
m_TokenAddId,conviction,
m_TokenAddAmount,1,
m_ShowValue,False,
all_conditions,performer_has_glimmer,
element_end
element_start,add_1_conviction_p1,Effect
m_Chance,1,
m_TokenAddId,conviction_p1,
m_TokenAddAmount,1,
m_ShowValue,False,
element_end
element_start,add_1_conviction_p3,Effect
m_Chance,1,
m_TokenAddId,conviction_p3,
m_TokenAddAmount,1,
m_ShowValue,False,
element_end
element_start,add_1_corpulent,Effect
m_Chance,1,
m_TokenAddId,corpulent,
m_TokenAddAmount,1,
m_ShowValue,False,
element_end
element_start,add_1_count_if_1_god_cherub,Effect
m_Chance,1,
m_TokenAddId,count,
m_TokenAddAmount,1,
m_ShowValue,False,
all_conditions,monsters_contain_1_god_cherub,
element_end
element_start,add_1_count_if_coffin_guard,Effect
m_Chance,1,
m_TokenAddId,count,
m_TokenAddAmount,1,
m_ShowValue,False,
all_conditions,performer_is_coffin_guard,
element_end
element_start,add_1_count_if_violinist_last_skill_was_chorus,Effect
m_Chance,1,
m_TokenAddId,count,
m_TokenAddAmount,1,
m_ShowValue,False,
all_conditions,last_skill_received_hs_violinist_chorus,
m_IsVisible,False,
element_end
element_start,add_1_count_if_violinist_last_skill_was_verse,Effect
m_Chance,1,
m_TokenAddId,count,
m_TokenAddAmount,1,
m_ShowValue,False,
all_conditions,last_skill_received_hs_violinist_verse,
m_IsVisible,False,
element_end
element_start,add_1_crit_target_is_corpse,Effect
m_Chance,1,
m_TokenAddId,crit,
m_TokenAddAmount,1,
m_ShowValue,False,
all_conditions,target_is_corpse,
element_end
element_start,add_1_crit,Effect
m_Chance,1,
m_TokenAddId,crit,
m_TokenAddAmount,1,
m_ShowValue,False,
element_end
element_start,add_1_crit_10pct,Effect
m_Chance,0.1,
m_TokenAddId,crit,
m_TokenAddAmount,1,
m_ShowValue,False,
element_end
element_start,add_1_crit_15pct,Effect
m_Chance,0.15,
m_TokenAddId,crit,
m_TokenAddAmount,1,
m_ShowValue,False,
element_end
element_start,add_1_crit_20pct,Effect
m_Chance,0.2,
m_TokenAddId,crit,
m_TokenAddAmount,1,
m_ShowValue,False,
element_end
element_start,add_1_crit_25pct,Effect
m_Chance,0.25,
m_TokenAddId,crit,
m_TokenAddAmount,1,
m_ShowValue,False,
element_end
element_start,add_1_crit_50pct_if_stealth,Effect
m_Chance,0.5,
m_TokenAddId,crit,
m_TokenAddAmount,1,
m_ShowValue,False,
all_conditions,performer_has_stealth,
element_end
element_start,add_1_crit_50pct_speed_8orgreater,Effect
m_Chance,0.5,
m_TokenAddId,crit,
m_TokenAddAmount,1,
m_ShowValue,False,
all_conditions,performer_speed_8orgreater,
element_end
element_start,add_1_crit_5pct,Effect
m_Chance,0.05,
m_TokenAddId,crit,
m_TokenAddAmount,1,
m_ShowValue,False,
element_end
element_start,add_1_crit_66pct_first_initiative,Effect
m_Chance,0.66,
m_TokenAddId,crit,
m_TokenAddAmount,1,
m_ShowValue,False,
all_conditions,performer_has_first_initiative,
element_end
element_start,add_1_crit_80pct,Effect
m_Chance,0.8,
m_TokenAddId,crit,
m_TokenAddAmount,1,
m_ShowValue,False,
element_end
element_start,add_1_crit_jes_solo,Effect
m_Chance,0.5,
m_TokenAddId,crit,
m_TokenAddAmount,1,
m_ShowValue,False,
all_conditions,skill_is_jes_solo,
element_end
element_start,add_1_crit_maa_command,Effect
m_Chance,0.33,
m_TokenAddId,crit,
m_TokenAddAmount,1,
m_ShowValue,False,
all_conditions,skill_is_maa_command,
element_end
element_start,add_1_daze,Effect
m_Chance,1,
m_TokenAddId,daze,
m_TokenAddAmount,1,
m_ShowValue,False,
element_end
element_start,add_1_daze_15pct,Effect
m_Chance,0.15,
m_TokenAddId,daze,
m_TokenAddAmount,1,
m_ShowValue,False,
element_end
element_start,add_1_daze_20pct,Effect
m_Chance,0.2,
m_TokenAddId,daze,
m_TokenAddAmount,1,
m_ShowValue,False,
element_end
element_start,add_1_daze_25pct,Effect
m_Chance,0.25,
m_TokenAddId,daze,
m_TokenAddAmount,1,
m_ShowValue,False,
element_end
element_start,add_1_daze_33pct,Effect
m_Chance,0.33,
m_TokenAddId,daze,
m_TokenAddAmount,1,
m_ShowValue,False,
element_end
element_start,add_1_daze_33pct_flame_40orless,Effect
m_Chance,0.33,
m_TokenAddId,daze,
m_TokenAddAmount,1,
m_ShowValue,False,
all_conditions,torchlight_below_40,
element_end
element_start,add_1_daze_50pct,Effect
m_Chance,0.5,
m_TokenAddId,daze,
m_TokenAddAmount,1,
m_ShowValue,False,
element_end
element_start,add_1_daze_5pct,Effect
m_Chance,0.05,
m_TokenAddId,daze,
m_TokenAddAmount,1,
m_ShowValue,False,
element_end
element_start,add_1_daze_66pct_flame_40orless,Effect
m_Chance,0.66,
m_TokenAddId,daze,
m_TokenAddAmount,1,
m_ShowValue,False,
all_conditions,torchlight_below_40,
element_end
element_start,add_1_daze_fake,Effect
m_Chance,1,
m_TokenAddId,daze,
m_TokenAddAmount,1,
m_ShowValue,False,
all_conditions,always_return_false_hidden,
element_end
element_start,add_1_daze_flame_40orless,Effect
m_Chance,1,
m_TokenAddId,daze,
m_TokenAddAmount,1,
m_ShowValue,False,
all_conditions,torchlight_below_40,
element_end
element_start,add_1_daze_if_target_combo,Effect
m_Chance,1,
m_TokenAddId,daze,
m_TokenAddAmount,1,
m_ShowValue,False,
all_conditions,target_is_combo_primed,
element_end
element_start,add_1_daze_if_target_not_concuss,Effect
m_Chance,1,
m_TokenAddId,daze,
m_TokenAddAmount,1,
m_ShowValue,False,
element_end
element_start,add_1_daze_nr,Effect
m_Chance,1,
m_IgnoreResist,True,
m_TokenAddId,daze,
m_TokenAddAmount,1,
m_ShowValue,False,
element_end
element_start,add_1_daze_nr_hidden,Effect
m_Chance,1,
m_IgnoreResist,True,
m_TokenAddId,daze,
m_TokenAddAmount,1,
m_ShowValue,False,
m_IsVisible,False,
element_end
element_start,add_1_disease,Effect
m_Chance,1,
m_QuirkAddTag,disease,
m_QuirkAddAmount,1,
m_QuirkAddAmountRange,0,
element_end
element_start,add_1_disease_5pct,Effect
m_Chance,0.05,
m_QuirkAddTag,disease,
m_QuirkAddAmount,1,
m_QuirkAddAmountRange,0,
element_end
element_start,add_1_dodge,Effect
m_Chance,1,
m_TokenAddId,dodge,
m_TokenAddAmount,1,
m_ShowValue,False,
element_end
element_start,add_1_dodge_15pct,Effect
m_Chance,0.15,
m_TokenAddId,dodge,
m_TokenAddAmount,1,
m_ShowValue,False,
element_end
element_start,add_1_dodge_20pct,Effect
m_Chance,0.2,
m_TokenAddId,dodge,
m_TokenAddAmount,1,
m_ShowValue,False,
element_end
element_start,add_1_dodge_25pct,Effect
m_Chance,0.25,
m_TokenAddId,dodge,
m_TokenAddAmount,1,
m_ShowValue,False,
element_end
element_start,add_1_dodge_50pct,Effect
m_Chance,0.5,
m_TokenAddId,dodge,
m_TokenAddAmount,1,
m_ShowValue,False,
element_end
element_start,add_1_dodge_seamens_boots,Effect
m_Chance,0.66,
m_TokenAddId,dodge,
m_TokenAddAmount,1,
m_ShowValue,False,
all_conditions,performer_speed_6orgreater,
element_end
element_start,add_1_dodge_5pct,Effect
m_Chance,0.05,
m_TokenAddId,dodge,
m_TokenAddAmount,1,
m_ShowValue,False,
element_end
element_start,add_1_dodge_chance_low,Effect
m_Chance,0.1,
m_TokenAddId,dodge,
m_TokenAddAmount,1,
m_ShowValue,False,
element_end
element_start,add_1_dodge_low_confession,Effect
m_Chance,1,
m_TokenAddId,dodge,
m_TokenAddAmount,1,
m_ShowValue,False,
any_conditions,run_boss_is_brain,run_boss_is_lungs,
element_end
element_start,add_1_dodge_plus,Effect
m_Chance,1,
m_TokenAddId,dodge_plus,
m_TokenAddAmount,1,
m_ShowValue,False,
element_end
element_start,add_1_dodge_plus_15pct,Effect
m_Chance,0.15,
m_TokenAddId,dodge_plus,
m_TokenAddAmount,1,
m_ShowValue,False,
element_end
element_start,add_1_dodge_plus_25pct,Effect
m_Chance,0.25,
m_TokenAddId,dodge_plus,
m_TokenAddAmount,1,
m_ShowValue,False,
element_end
element_start,add_1_dodge_plus_33pct,Effect
m_Chance,0.33,
m_TokenAddId,dodge_plus,
m_TokenAddAmount,1,
m_ShowValue,False,
element_end
element_start,add_1_dodge_plus_50pct,Effect
m_Chance,0.5,
m_TokenAddId,dodge_plus,
m_TokenAddAmount,1,
m_ShowValue,False,
element_end
element_start,add_1_dodge_plus_high_confession,Effect
m_Chance,1,
m_TokenAddId,dodge_plus,
m_TokenAddAmount,1,
m_ShowValue,False,
any_conditions,run_boss_is_eyes,run_boss_is_arms,run_boss_is_body,
element_end
element_start,add_1_dodge_speed_8orgreater,Effect
m_Chance,1,
m_TokenAddId,dodge,
m_TokenAddAmount,1,
m_ShowValue,False,
all_conditions,performer_speed_8orgreater,
element_end
element_start,add_1_dont_leave_me,Effect
m_Chance,1,
m_TokenAddId,dont_leave_me,
m_TokenAddAmount,1,
m_ShowValue,False,
m_IsVisible,False,
element_end
element_start,add_1_failure_facing,Effect
m_Chance,1,
m_TokenAddId,failure_facing,
m_TokenAddAmount,1,
m_ShowValue,False,
element_end
element_start,add_1_failure_incomplete,Effect
m_Chance,1,
m_TokenAddId,failure_incomplete,
m_TokenAddAmount,1,
m_ShowValue,False,
element_end
element_start,add_1_failure_support,Effect
m_Chance,1,
m_TokenAddId,failure_support,
m_TokenAddAmount,1,
m_ShowValue,False,
element_end
element_start,add_1_failure_ult_flg,Effect
m_Chance,1,
m_TokenAddId,failure_ult_flg,
m_TokenAddAmount,1,
m_ShowValue,False,
all_conditions,target_is_flagellant,
element_end
element_start,add_1_failure_ult_gr,Effect
m_Chance,1,
m_TokenAddId,failure_ult_gr,
m_TokenAddAmount,1,
m_ShowValue,False,
all_conditions,target_is_grave_robber,
element_end
element_start,add_1_failure_ult_hel,Effect
m_Chance,1,
m_TokenAddId,failure_ult_hel,
m_TokenAddAmount,1,
m_ShowValue,False,
all_conditions,target_is_hellion,
element_end
element_start,add_1_failure_ult_hwm,Effect
m_Chance,1,
m_TokenAddId,failure_ult_hwm,
m_TokenAddAmount,1,
m_ShowValue,False,
all_conditions,target_is_highwayman,
element_end
element_start,add_1_failure_ult_jes,Effect
m_Chance,1,
m_TokenAddId,failure_ult_jes,
m_TokenAddAmount,1,
m_ShowValue,False,
all_conditions,target_is_jester,
element_end
element_start,add_1_failure_ult_lep,Effect
m_Chance,1,
m_TokenAddId,failure_ult_lep,
m_TokenAddAmount,1,
m_ShowValue,False,
all_conditions,target_is_leper,
element_end
element_start,add_1_failure_ult_maa,Effect
m_Chance,1,
m_TokenAddId,failure_ult_maa,
m_TokenAddAmount,1,
m_ShowValue,False,
all_conditions,target_is_man_at_arms,
element_end
element_start,add_1_failure_ult_occ,Effect
m_Chance,1,
m_TokenAddId,failure_ult_occ,
m_TokenAddAmount,1,
m_ShowValue,False,
all_conditions,target_is_occultist,
element_end
element_start,add_1_failure_ult_pd,Effect
m_Chance,1,
m_TokenAddId,failure_ult_pd,
m_TokenAddAmount,1,
m_ShowValue,False,
all_conditions,target_is_plague_doctor,
element_end
element_start,add_1_failure_ult_run,Effect
m_Chance,1,
m_TokenAddId,failure_ult_run,
m_TokenAddAmount,1,
m_ShowValue,False,
all_conditions,target_is_fire,
element_end
element_start,add_1_failure_ult_ves,Effect
m_Chance,1,
m_TokenAddId,failure_ult_ves,
m_TokenAddAmount,1,
m_ShowValue,False,
all_conditions,target_is_vestal,
element_end
element_start,add_1_flagellant_more_more,Effect
m_Chance,1,
m_TokenAddId,flagellant_more_more,
m_TokenAddAmount,1,
m_ShowValue,False,
element_end
element_start,add_1_flagellant_more_more_u,Effect
m_Chance,1,
m_TokenAddId,flagellant_more_more_u,
m_TokenAddAmount,1,
m_ShowValue,False,
element_end
element_start,add_1_flagellant_pain_heal,Effect
m_Chance,1,
m_TokenAddId,flagellant_pain_heal,
m_TokenAddAmount,1,
m_ShowValue,False,
element_end
element_start,add_1_flagellant_pain_heal_u,Effect
m_Chance,1,
m_TokenAddId,flagellant_pain_heal_u,
m_TokenAddAmount,1,
m_ShowValue,False,
element_end
element_start,add_1_flaming_furniture_riposte_token,Effect
m_Chance,1,
m_TokenAddId,flaming_furniture_riposte,
m_TokenAddAmount,1,
m_ShowValue,False,
m_IsVisible,False,
element_end
element_start,add_1_flaming_token,Effect
m_Chance,1,
m_IgnoreResist,True,
m_TokenAddId,flaming,
m_TokenAddAmount,1,
m_ShowValue,False,
element_end
element_start,add_1_gastric_juice,Effect
m_Chance,1,
m_IgnoreResist,True,
m_TokenAddId,gastric_juice,
m_TokenAddAmount,1,
m_ShowValue,False,
m_IsLockedTeamPosition,True,
element_end
element_start,add_1_glimmer,Effect
m_Chance,1,
m_TokenAddId,glimmer,
m_TokenAddAmount,1,
m_ShowValue,False,
m_IsLockedTeamPosition,True,
all_conditions,combat_not_in_first_round,
element_end
element_start,add_1_god_lock_melee,Effect
m_Chance,1,
m_IgnoreResist,True,
m_TokenAddId,god_lock_melee,
m_TokenAddAmount,1,
m_ShowValue,False,
element_end
element_start,add_1_guard,Effect
m_Chance,1,
m_TokenAddId,guard,
m_TokenAddAmount,1,
m_ShowValue,False,
element_end
element_start,add_1_harvest_hunger_chc,Effect
m_Chance,0.67,
m_TokenAddId,harvest_hunger,
m_TokenAddAmount,1,
m_ShowValue,False,
all_conditions,hero_party_has_more_than_2_heroes,
element_end
element_start,add_1_hel_blame,Effect
m_Chance,1,
m_TokenAddId,herostory_hel_blame,
m_TokenAddAmount,1,
m_ShowValue,False,
element_end
element_start,add_1_hel_rotten_veg,Effect
m_Chance,1,
m_TokenAddId,herostory_hel_rotten_veg,
m_TokenAddAmount,1,
m_ShowValue,False,
element_end
element_start,add_1_herostory_flg_more_more,Effect
m_Chance,1,
m_TokenAddId,herostory_flg_more_more,
m_TokenAddAmount,1,
m_ShowValue,False,
element_end
element_start,add_1_herostory_flg_pain_heal,Effect
m_Chance,1,
m_TokenAddId,herostory_flg_pain_heal,
m_TokenAddAmount,1,
m_ShowValue,False,
element_end
element_start,add_1_immobilize,Effect
m_Chance,1,
m_TokenAddId,immobilize,
m_TokenAddAmount,1,
m_ShowValue,False,
element_end
element_start,add_1_immobilize_15pct,Effect
m_Chance,0.15,
m_TokenAddId,immobilize,
m_TokenAddAmount,1,
m_ShowValue,False,
element_end
element_start,add_1_immobilize_33pct,Effect
m_Chance,0.33,
m_TokenAddId,immobilize,
m_TokenAddAmount,1,
m_ShowValue,False,
element_end
element_start,add_1_immobilize_66pct_spd_2orless,Effect
m_Chance,0.66,
m_TokenAddId,immobilize,
m_TokenAddAmount,1,
m_ShowValue,False,
all_conditions,performer_speed_2orless,
element_end
element_start,add_1_immobilize_hwm_duelists_advance,Effect
m_Chance,0.66,
m_IgnoreResist,True,
m_TokenAddId,immobilize,
m_TokenAddAmount,1,
m_ShowValue,False,
all_conditions,skill_is_hwm_duelists_advance,
element_end
element_start,add_1_immobilize_if_drummer_present,Effect
m_Chance,1,
m_IgnoreResist,True,
m_TokenAddId,immobilize,
m_TokenAddAmount,1,
m_ShowValue,False,
all_conditions,enemy_party_has_drummer,
element_end
element_start,add_1_immobilize_nr,Effect
m_Chance,1,
m_IgnoreResist,True,
m_TokenAddId,immobilize,
m_TokenAddAmount,1,
m_ShowValue,False,
element_end
element_start,add_1_immobilize_nr_if_taproot_tangle_b,Effect
m_Chance,1,
m_IgnoreResist,True,
m_TokenAddId,immobilize,
m_TokenAddAmount,1,
m_ShowValue,False,
all_conditions,target_has_taproot_tangle_b,
element_end
element_start,add_1_immobilize_nr_if_taproot_tangle_c,Effect
m_Chance,1,
m_IgnoreResist,True,
m_TokenAddId,immobilize,
m_TokenAddAmount,1,
m_ShowValue,False,
all_conditions,performer_has_taproot_tangle_c,
element_end
element_start,add_1_immobilize_permanent,Effect
m_Chance,1,
m_Priority,1,
m_TokenAddId,immobilize_permanent,
m_TokenAddAmount,1,
m_ShowValue,False,
element_end
element_start,add_1_lock_health,Effect
m_Chance,1,
m_TokenAddId,lock_health,
m_TokenAddAmount,1,
m_ShowValue,False,
element_end
element_start,add_1_lock_melee,Effect
m_Chance,1,
m_TokenAddId,lock_melee,
m_TokenAddAmount,1,
m_ShowValue,False,
element_end
element_start,add_1_lock_ranged,Effect
m_Chance,1,
m_TokenAddId,lock_ranged,
m_TokenAddAmount,1,
m_ShowValue,False,
element_end
element_start,add_1_lock_stress,Effect
m_Chance,1,
m_TokenAddId,lock_stress,
m_TokenAddAmount,1,
m_ShowValue,False,
element_end
element_start,add_1_logic_a,Effect
m_Chance,1,
m_TokenAddId,logic_a,
m_TokenAddAmount,1,
m_ShowValue,False,
m_IsVisible,False,
element_end
element_start,add_1_logic_a_50pct,Effect
m_Chance,0.5,
m_TokenAddId,logic_a,
m_TokenAddAmount,1,
m_ShowValue,False,
element_end
element_start,add_1_logic_a_high_confession,Effect
m_Chance,1,
m_TokenAddId,logic_a,
m_TokenAddAmount,1,
m_ShowValue,False,
any_conditions,run_boss_is_eyes,run_boss_is_arms,run_boss_is_body,
element_end
element_start,add_1_logic_a_if_assigning_targets,Effect
m_Chance,1,
m_TokenAddId,logic_a,
m_TokenAddAmount,1,
m_ShowValue,False,
all_conditions,target_is_taproot_targeting_ready,
element_end
element_start,add_1_logic_a_if_coffin_trapped,Effect
m_Chance,1,
m_TokenAddId,logic_a,
m_TokenAddAmount,1,
m_ShowValue,False,
all_conditions,performer_is_coffin_trapped,
element_end
element_start,add_1_logic_a_if_health_under_50pct,Effect
m_Chance,1,
m_TokenAddId,logic_a,
m_TokenAddAmount,1,
m_ShowValue,False,
all_conditions,performer_health_under_50pct,
element_end
element_start,add_1_logic_a_if_window_lit,Effect
m_Chance,1,
m_TokenAddId,logic_a,
m_TokenAddAmount,1,
m_ShowValue,False,
all_conditions,target_is_vestal_window_lit,
m_IsVisible,False,
element_end
element_start,add_1_logic_b,Effect
m_Chance,1,
m_TokenAddId,logic_b,
m_TokenAddAmount,1,
m_ShowValue,False,
m_IsVisible,False,
element_end
element_start,add_1_logic_b_eye_boss,Effect
m_Chance,0.3,
m_TokenAddId,logic_b,
m_TokenAddAmount,1,
m_ShowValue,False,
m_IsVisible,False,
element_end
element_start,add_1_logic_b_if_coffin_husband,Effect
m_Chance,1,
m_TokenAddId,count,
m_TokenAddAmount,1,
m_ShowValue,False,
all_conditions,performer_is_coffin_guard,
element_end
element_start,add_1_logic_b_if_health_under_25pct,Effect
m_Chance,1,
m_TokenAddId,logic_b,
m_TokenAddAmount,1,
m_ShowValue,False,
all_conditions,performer_health_under_25pct,
element_end
element_start,add_1_logic_b_if_retracting,Effect
m_Chance,1,
m_TokenAddId,logic_b,
m_TokenAddAmount,1,
m_ShowValue,False,
all_conditions,hero_party_has_any_retractable_tangle,target_has_no_logic_b,
element_end
element_start,add_1_logic_b_if_retracting_twice,Effect
m_Chance,1,
m_TokenAddId,logic_b,
m_TokenAddAmount,1,
m_ShowValue,False,
all_conditions,hero_party_has_2_or_more_retractable_tangle,target_has_any_logic_b,
element_end
element_start,add_1_logic_b_if_target_has_logic_a,Effect
m_Chance,1,
m_TokenAddId,logic_b,
m_TokenAddAmount,1,
m_ShowValue,False,
all_conditions,target_has_logic_a,
m_IsVisible,False,
element_end
element_start,add_1_logic_temporary,Effect
m_Chance,1,
m_TokenAddId,logic_temporary,
m_TokenAddAmount,1,
m_ShowValue,False,
m_IsVisible,False,
element_end
element_start,add_1_logic_temporary_30pct,Effect
m_Chance,0.3,
m_TokenAddId,logic_temporary,
m_TokenAddAmount,1,
m_ShowValue,False,
element_end
element_start,add_1_logic_temporary_40pct,Effect
m_Chance,0.4,
m_TokenAddId,logic_temporary,
m_TokenAddAmount,1,
m_ShowValue,False,
m_IsVisible,False,
element_end
element_start,add_1_logic_temporary_75pct,Effect
m_Chance,0.75,
m_TokenAddId,logic_temporary,
m_TokenAddAmount,1,
m_ShowValue,False,
element_end
element_start,add_1_lost_battalion_order,Effect
m_Chance,1,
m_TokenAddId,lost_battalion_order,
m_TokenAddAmount,1,
m_ShowValue,False,
element_end
element_start,add_1_lung_inflate,Effect
m_Chance,1,
m_TokenAddId,lung_inflate,
m_TokenAddAmount,1,
m_ShowValue,False,
element_end
element_start,add_1_lung_inflate_back,Effect
m_Chance,1,
m_TokenAddId,lung_inflate,
m_TokenAddAmount,1,
m_ShowValue,False,
all_conditions,target_is_lung_back,
element_end
element_start,add_1_lung_inflate_front,Effect
m_Chance,1,
m_TokenAddId,lung_inflate,
m_TokenAddAmount,1,
m_ShowValue,False,
all_conditions,target_is_lung_front,
element_end
element_start,add_1_mark_location,Effect
m_Chance,1,
m_TokenAddId,mark_location,
m_TokenAddAmount,1,
m_ShowValue,False,
m_IsLockedTeamPosition,True,
element_end
element_start,add_1_marked_for_death,Effect
m_Chance,1,
m_IgnoreResist,True,
m_TokenAddId,marked_for_death,
m_TokenAddAmount,1,
m_ShowValue,False,
element_end
element_start,add_1_medic_salve_token,Effect
m_Chance,0.05,
m_TokenAddId,medic_salve,
m_TokenAddAmount,1,
m_ShowValue,False,
element_end
element_start,add_1_more_more,Effect
m_Chance,1,
m_TokenAddId,more_more,
m_TokenAddAmount,1,
m_ShowValue,False,
element_end
element_start,add_1_multi_guard,Effect
m_Chance,1,
m_TokenAddId,multi_guard,
m_TokenAddAmount,1,
m_ShowValue,False,
element_end
element_start,add_1_neg_trinket_token_occ_daemons_pull,Effect
m_Chance,0.66,
m_TokenAddTag,neg_trinket_token,
m_TokenAddAmount,1,
all_conditions,skill_is_occ_daemons_pull,
element_end
element_start,add_1_newborn_mutation,Effect
m_Chance,1,
m_TokenAddId,newborn_mutation,
m_TokenAddAmount,1,
m_ShowValue,False,
element_end
element_start,add_1_pain_heal,Effect
m_Chance,1,
m_TokenAddId,pain_heal,
m_TokenAddAmount,1,
m_ShowValue,False,
element_end
element_start,add_1_pyro_bomb_token,Effect
m_Chance,0.05,
m_TokenAddId,pyro_bomb,
m_TokenAddAmount,1,
m_ShowValue,False,
element_end
element_start,add_1_quirk_negative,Effect
m_Chance,1,
m_QuirkAddTag,negative,
m_QuirkAddAmount,1,
m_QuirkAddAmountRange,0,
element_end
element_start,add_1_quirk_obsession,Effect
m_Chance,1,
m_QuirkAddTag,obsession,
m_QuirkAddAmount,1,
m_QuirkAddAmountRange,0,
element_end
element_start,add_1_quirk_positive,Effect
m_Chance,1,
m_QuirkAddTag,positive,
m_QuirkAddAmount,1,
m_QuirkAddAmountRange,0,
element_end
element_start,add_1_random_neg_trinket_token,Effect
m_Chance,1,
m_TokenAddTag,neg_trinket_token,
m_TokenAddAmount,1,
element_end
element_start,add_1_random_neg_trinket_token_33pct,Effect
m_Chance,0.33,
m_TokenAddTag,neg_trinket_token,
m_TokenAddAmount,1,
element_end
element_start,add_1_random_neg_trinket_token_66pct,Effect
m_Chance,0.66,
m_TokenAddTag,neg_trinket_token,
m_TokenAddAmount,1,
element_end
element_start,add_1_random_neg_trinket_token_80pct,Effect
m_Chance,0.8,
m_TokenAddTag,neg_trinket_token,
m_TokenAddAmount,1,
element_end
element_start,add_1_random_neg_trinket_token_anatomical_map,Effect
m_Chance,0.9,
m_TokenAddTag,neg_trinket_token,
m_TokenAddAmount,1,
all_conditions,target_is_not_corpse_hidden,
element_end
element_start,add_1_random_neg_trinket_token_if_diseased,Effect
m_Chance,1,
m_TokenAddTag,neg_trinket_token,
m_TokenAddAmount,1,
all_conditions,target_is_diseased,
element_end
element_start,add_1_random_pos_trinket_token,Effect
m_Chance,1,
m_TokenAddTag,pos_trinket_token,
m_TokenAddAmount,1,
element_end
element_start,add_1_random_pos_trinket_token_20pct,Effect
m_Chance,0.25,
m_TokenAddTag,pos_trinket_token,
m_TokenAddAmount,1,
element_end
element_start,add_1_random_pos_trinket_token_33pct,Effect
m_Chance,0.33,
m_TokenAddTag,pos_trinket_token,
m_TokenAddAmount,1,
element_end
element_start,add_1_random_pos_trinket_token_anatomical_map,Effect
m_Chance,0.1,
m_TokenAddTag,pos_trinket_token,
m_TokenAddAmount,1,
all_conditions,target_is_not_corpse_hidden,
element_end
element_start,add_1_random_pos_trinket_token_if_rank_1,Effect
m_Chance,1,
m_TokenAddTag,pos_trinket_token,
m_TokenAddAmount,1,
all_conditions,performer_is_in_rank_1,
element_end
element_start,add_1_ranged_dodge,Effect
m_Chance,1,
m_TokenAddId,hellion_ranged_dodge,
m_TokenAddAmount,1,
m_ShowValue,False,
element_end
element_start,add_1_repair_if_hero_party_no_repair,Effect
m_Chance,1,
m_TokenAddId,repair,
m_TokenAddAmount,1,
m_ShowValue,False,
all_conditions,hero_party_has_no_repair_hidden,hero_not_last_hero_standing,
element_end
element_start,add_1_riposte,Effect
m_Chance,1,
m_TokenAddId,riposte,
m_TokenAddAmount,1,
m_ShowValue,False,
element_end
element_start,add_1_riposte_chance_very_low,Effect
m_Chance,0.05,
m_TokenAddId,riposte,
m_TokenAddAmount,1,
m_ShowValue,False,
element_end
element_start,add_1_riposte_invisible,Effect
m_Chance,1,
m_TokenAddId,riposte_invisible,
m_TokenAddAmount,1,
m_ShowValue,False,
element_end
element_start,add_1_riposte_invisible_infinite,Effect
m_Chance,1,
m_TokenAddId,riposte_invisible_infinite,
m_TokenAddAmount,1,
m_ShowValue,False,
element_end
element_start,add_1_runaway_key,Effect
m_Chance,1,
m_TokenAddId,runaway_combat_1_key,
m_TokenAddAmount,1,
m_ShowValue,False,
element_end
element_start,add_1_smouldering_token,Effect
m_Chance,1,
m_IgnoreResist,True,
m_TokenAddId,smouldering,
m_TokenAddAmount,1,
m_ShowValue,False,
element_end
element_start,add_1_smouldering_token_chair,Effect
m_Chance,1,
m_IgnoreResist,True,
m_TokenAddId,smouldering,
m_TokenAddAmount,1,
m_ShowValue,False,
all_conditions,target_is_run_hs_chair,
element_end
element_start,add_1_speed,Effect
m_Chance,1,
m_TokenAddId,speed,
m_TokenAddAmount,1,
m_ShowValue,False,
element_end
element_start,add_1_speed_10pct,Effect
m_Chance,0.1,
m_TokenAddId,speed,
m_TokenAddAmount,1,
m_ShowValue,False,
element_end
element_start,add_1_speed_15pct,Effect
m_Chance,0.15,
m_TokenAddId,speed,
m_TokenAddAmount,1,
m_ShowValue,False,
element_end
element_start,add_1_speed_20pct,Effect
m_Chance,0.2,
m_TokenAddId,speed,
m_TokenAddAmount,1,
m_ShowValue,False,
element_end
element_start,add_1_speed_33pct,Effect
m_Chance,0.33,
m_TokenAddId,speed,
m_TokenAddAmount,1,
m_ShowValue,False,
element_end
element_start,add_1_speed_50pct,Effect
m_Chance,0.5,
m_TokenAddId,speed,
m_TokenAddAmount,1,
m_ShowValue,False,
element_end
element_start,add_1_speed_fake,Effect
m_Chance,1,
m_TokenAddId,speed,
m_TokenAddAmount,1,
m_ShowValue,False,
all_conditions,always_return_false_hidden,
element_end
element_start,add_1_stagecoach_armor,Effect
m_Chance,1,
stage_coach_armor,1,
element_end
element_start,add_1_stagecoach_armor_steel_plating,Effect
m_Chance,1,
stage_coach_armor,1,
all_conditions,performer_is_in_rank_1_hidden,
element_end
element_start,add_1_stagecoach_wheel,Effect
m_Chance,1,
stage_coach_wheels,1,
element_end
element_start,add_1_stagecoach_wheel_iron_banded_wheels,Effect
m_Chance,1,
stage_coach_wheels,1,
all_conditions,performer_is_in_rank_1_hidden,
element_end
element_start,add_1_stealth,Effect
m_Chance,1,
m_TokenAddId,stealth,
m_TokenAddAmount,1,
m_ShowValue,False,
element_end
element_start,add_1_stealth_15pct,Effect
m_Chance,0.15,
m_TokenAddId,stealth,
m_TokenAddAmount,1,
m_ShowValue,False,
element_end
element_start,add_1_stealth_20pct,Effect
m_Chance,0.2,
m_TokenAddId,stealth,
m_TokenAddAmount,1,
m_ShowValue,False,
element_end
element_start,add_1_stealth_25pct,Effect
m_Chance,0.25,
m_TokenAddId,stealth,
m_TokenAddAmount,1,
m_ShowValue,False,
element_end
element_start,add_1_stealth_33pct,Effect
m_Chance,0.33,
m_TokenAddId,stealth,
m_TokenAddAmount,1,
m_ShowValue,False,
element_end
element_start,add_1_stealth_50pct,Effect
m_Chance,0.5,
m_TokenAddId,stealth,
m_TokenAddAmount,1,
m_ShowValue,False,
element_end
element_start,add_1_stealth_66pct,Effect
m_Chance,0.66,
m_TokenAddId,stealth,
m_TokenAddAmount,1,
m_ShowValue,False,
element_end
element_start,add_1_stealth_66pct_flame_40orless,Effect
m_Chance,0.66,
m_TokenAddId,stealth,
m_TokenAddAmount,1,
m_ShowValue,False,
all_conditions,torchlight_below_40,
element_end
element_start,add_1_stealth_80pct,Effect
m_Chance,0.8,
m_TokenAddId,stealth,
m_TokenAddAmount,1,
m_ShowValue,False,
element_end
element_start,add_1_stealth_flame_40orless,Effect
m_Chance,1,
m_TokenAddId,stealth,
m_TokenAddAmount,1,
m_ShowValue,False,
all_conditions,torchlight_below_40,
element_end
element_start,add_1_stealth_gr_flashing_daggers,Effect
m_Chance,0.33,
m_TokenAddId,stealth,
m_TokenAddAmount,1,
m_ShowValue,False,
all_conditions,skill_is_gr_flashing_daggers,
element_end
element_start,add_1_strength,Effect
m_Chance,1,
m_TokenAddId,strength,
m_TokenAddAmount,1,
m_ShowValue,False,
element_end
element_start,add_1_strength_10pct,Effect
m_Chance,0.1,
m_TokenAddId,strength,
m_TokenAddAmount,1,
m_ShowValue,False,
element_end
element_start,add_1_strength_15pct,Effect
m_Chance,0.15,
m_TokenAddId,strength,
m_TokenAddAmount,1,
m_ShowValue,False,
element_end
element_start,add_1_strength_20pct,Effect
m_Chance,0.2,
m_TokenAddId,strength,
m_TokenAddAmount,1,
m_ShowValue,False,
element_end
element_start,add_1_strength_25pct,Effect
m_Chance,0.25,
m_TokenAddId,strength,
m_TokenAddAmount,1,
m_ShowValue,False,
element_end
element_start,add_1_strength_25pct_if_target_no_blind,Effect
m_Chance,0.25,
m_TokenAddId,strength,
m_TokenAddAmount,1,
m_ShowValue,False,
all_conditions,target_has_no_blind_token,
element_end
element_start,add_1_strength_3pct,Effect
m_Chance,0.03,
m_TokenAddId,strength,
m_TokenAddAmount,1,
m_ShowValue,False,
element_end
element_start,add_1_strength_50pct_if_target_has_blind,Effect
m_Chance,0.5,
m_TokenAddId,strength,
m_TokenAddAmount,1,
m_ShowValue,False,
all_conditions,target_has_blind_token,
element_end
element_start,add_1_strength_66pct_melee_skills,Effect
m_Chance,0.66,
m_TokenAddId,strength,
m_TokenAddAmount,1,
m_ShowValue,False,
all_conditions,skill_is_melee,
element_end
element_start,add_1_strength_fake,Effect
m_Chance,1,
m_TokenAddId,strength,
m_TokenAddAmount,1,
m_ShowValue,False,
all_conditions,always_return_false_hidden,
element_end
element_start,add_1_strength_first_initiative,Effect
m_Chance,1,
m_TokenAddId,strength,
m_TokenAddAmount,1,
m_ShowValue,False,
all_conditions,performer_has_first_initiative,
element_end
element_start,add_1_strength_flg_more_more,Effect
m_Chance,1,
m_TokenAddId,strength,
m_TokenAddAmount,1,
m_ShowValue,False,
all_conditions,skill_is_flg_more_more,
element_end
element_start,add_1_strength_hel_barbaric_yawp,Effect
m_Chance,1,
m_TokenAddId,strength,
m_TokenAddAmount,1,
m_ShowValue,False,
all_conditions,skill_is_hel_barbaric_yawp,
element_end
element_start,add_1_strength_if_run_resentment,Effect
m_Chance,1,
m_TokenAddId,strength,
m_TokenAddAmount,1,
m_ShowValue,False,
all_conditions,run_boss_is_lungs,
element_end
element_start,add_1_stealth_if_run_backdraft,Effect
m_Chance,1,
m_TokenAddId,stealth,
m_TokenAddAmount,1,
m_ShowValue,False,
all_conditions,skill_is_run_backdraft,
element_end
element_start,add_1_stress_5pct,Effect
m_Chance,0.05,
m_StressDamage,1,
element_end
element_start,add_1_stun,Effect
m_Chance,1,
m_TokenAddId,stun,
m_TokenAddAmount,1,
m_ShowValue,False,
element_end
element_start,add_1_stun_10pct,Effect
m_Chance,0.1,
m_TokenAddId,stun,
m_TokenAddAmount,1,
m_ShowValue,False,
element_end
element_start,add_1_stun_10pct_maa_bellow,Effect
m_Chance,0.1,
m_TokenAddId,stun,
m_TokenAddAmount,1,
m_ShowValue,False,
all_conditions,skill_is_maa_bellow,
element_end
element_start,add_1_stun_10pct_spd_2orless,Effect
m_Chance,0.1,
m_TokenAddId,stun,
m_TokenAddAmount,1,
m_ShowValue,False,
all_conditions,performer_speed_2orless,
element_end
element_start,add_1_stun_15pct,Effect
m_Chance,0.15,
m_TokenAddId,stun,
m_TokenAddAmount,1,
m_ShowValue,False,
element_end
element_start,add_1_stun_20pct,Effect
m_Chance,0.2,
m_TokenAddId,stun,
m_TokenAddAmount,1,
m_ShowValue,False,
element_end
element_start,add_1_stun_25pct,Effect
m_Chance,0.25,
m_TokenAddId,stun,
m_TokenAddAmount,1,
m_ShowValue,False,
element_end
element_start,add_1_stun_33pct,Effect
m_Chance,0.33,
m_TokenAddId,stun,
m_TokenAddAmount,1,
m_ShowValue,False,
element_end
element_start,add_1_stun_40pct,Effect
m_Chance,0.4,
m_TokenAddId,stun,
m_TokenAddAmount,1,
m_ShowValue,False,
element_end
element_start,add_1_stun_50pct,Effect
m_Chance,0.5,
m_TokenAddId,stun,
m_TokenAddAmount,1,
m_ShowValue,False,
element_end
element_start,add_1_stun_5pct,Effect
m_Chance,0.05,
m_TokenAddId,stun,
m_TokenAddAmount,1,
m_ShowValue,False,
element_end
element_start,add_1_stun_75pct,Effect
m_Chance,0.75,
m_TokenAddId,stun,
m_TokenAddAmount,1,
m_ShowValue,False,
element_end
element_start,add_1_stun_hidden,Effect
m_Chance,1,
m_TokenAddId,stun,
m_TokenAddAmount,1,
m_ShowValue,False,
m_IsVisible,False,
element_end
element_start,add_1_stun_nr,Effect
m_Chance,1,
m_IgnoreResist,True,
m_TokenAddId,stun,
m_TokenAddAmount,1,
m_ShowValue,False,
element_end
element_start,add_1_taproot,Effect
m_Chance,1,
m_TokenAddId,taproot,
m_TokenAddAmount,1,
m_ShowValue,False,
element_end
element_start,add_1_taproot_tangle_a,Effect
m_Chance,1,
m_TokenAddId,taproot_tangle_a,
m_TokenAddAmount,1,
m_ShowValue,False,
m_IsLockedTeamPosition,True,
all_conditions,target_has_no_taproot_tangle_c,
element_end
element_start,add_1_taproot_tangle_c,Effect
m_Chance,1,
m_TokenAddId,taproot_tangle_c,
m_TokenAddAmount,1,
m_ShowValue,False,
m_IsLockedTeamPosition,True,
element_end
element_start,add_1_taproot_target,Effect
m_Chance,1,
m_TokenAddId,taproot_target,
m_TokenAddAmount,1,
m_ShowValue,False,
m_IsLockedTeamPosition,True,
element_end
element_start,add_1_taunt,Effect
m_Chance,1,
m_TokenAddId,taunt,
m_TokenAddAmount,1,
m_ShowValue,False,
element_end
element_start,add_1_taunt_25pct,Effect
m_Chance,0.25,
m_TokenAddId,taunt,
m_TokenAddAmount,1,
m_ShowValue,False,
element_end
element_start,add_1_taunt_33pct,Effect
m_Chance,0.33,
m_TokenAddId,taunt,
m_TokenAddAmount,1,
m_ShowValue,False,
element_end
element_start,add_1_taunt_33pct_flame_75orgreater,Effect
m_Chance,0.33,
m_TokenAddId,taunt,
m_TokenAddAmount,1,
m_ShowValue,False,
all_conditions,torchlight_above_75,
element_end
element_start,add_1_taunt_50pct,Effect
m_Chance,0.5,
m_TokenAddId,taunt,
m_TokenAddAmount,1,
m_ShowValue,False,
element_end
element_start,add_1_taunt_nr,Effect
m_Chance,1,
m_IgnoreResist,True,
m_TokenAddId,taunt,
m_TokenAddAmount,1,
m_ShowValue,False,
element_end
element_start,add_1_taunt_nr_10_pct,Effect
m_Chance,0.1,
m_IgnoreResist,True,
m_TokenAddId,taunt,
m_TokenAddAmount,1,
m_ShowValue,False,
element_end
element_start,add_1_taunt_nr_33pct,Effect
m_Chance,0.33,
m_IgnoreResist,True,
m_TokenAddId,taunt,
m_TokenAddAmount,1,
m_ShowValue,False,
element_end
element_start,add_1_taunt_nr_50pct,Effect
m_Chance,0.5,
m_IgnoreResist,True,
m_TokenAddId,taunt,
m_TokenAddAmount,1,
m_ShowValue,False,
element_end
element_start,add_1_to_3_benediction,Effect
m_Chance,1,
m_TokenAddId,benediction,
m_TokenAddAmount,1,
m_ShowValue,False,
m_TokenAddAmountRange,2,
element_end
element_start,add_1_token_tag_random_1,Effect
m_Chance,1,
m_TokenAddTag,random_1,
m_TokenAddAmount,1,
element_end
element_start,add_1_torso_target,Effect
m_Chance,1,
m_IgnoreResist,True,
m_TokenAddId,torso_target,
m_TokenAddAmount,1,
m_ShowValue,False,
element_end
element_start,add_1_torso_target_hidden,Effect
m_Chance,1,
m_IgnoreResist,True,
m_TokenAddId,torso_target,
m_TokenAddAmount,1,
m_ShowValue,False,
m_IsVisible,False,
element_end
element_start,add_1_torso_windup,Effect
m_Chance,1,
m_IgnoreResist,True,
m_TokenAddId,torso_windup,
m_TokenAddAmount,1,
m_ShowValue,False,
element_end
element_start,add_1_treasure_if_coffin_treasure,Effect
m_Chance,1,
m_TokenAddId,treasure,
m_TokenAddAmount,1,
m_ShowValue,False,
all_conditions,performer_is_coffin_treasure,
element_end
element_start,add_1_treasure_if_target_is_treasure_coffin,Effect
m_Chance,1,
m_TokenAddId,treasure,
m_TokenAddAmount,1,
m_ShowValue,False,
all_conditions,performer_is_coffin_treasure,
m_IsVisible,False,
element_end
element_start,add_1_tuned,Effect
m_Chance,1,
m_TokenAddId,herostory_jes_tuned,
m_TokenAddAmount,1,
m_ShowValue,False,
element_end
element_start,add_1_tuned_sweet_spot,Effect
m_Chance,1,
m_TokenAddId,herostory_jes_tuned,
m_TokenAddAmount,1,
m_ShowValue,False,
all_conditions,target_is_in_sweet_spot,
element_end
element_start,add_1_unchecked_power,Effect
m_Chance,1,
m_TokenAddId,unchecked_power,
m_TokenAddAmount,1,
m_ShowValue,False,
element_end
element_start,add_1_unchecked_power_50pct,Effect
m_Chance,0.5,
m_TokenAddId,unchecked_power,
m_TokenAddAmount,1,
m_ShowValue,False,
element_end
element_start,add_1_unchecked_power_occ_binding_shadows,Effect
m_Chance,1,
m_TokenAddId,unchecked_power,
m_TokenAddAmount,1,
m_ShowValue,False,
all_conditions,skill_is_occ_binding_shadows,
element_end
element_start,add_1_unlit_token,Effect
m_Chance,1,
m_IgnoreResist,True,
m_TokenAddId,unlit,
m_TokenAddAmount,1,
m_ShowValue,False,
m_IsVisible,False,
element_end
element_start,add_1_unlit_token_if_no_run_herostory,Effect
m_Chance,1,
m_IgnoreResist,True,
m_TokenAddId,unlit,
m_TokenAddAmount,1,
m_ShowValue,False,
all_conditions,performer_has_no_run_herostory_tokens,
m_IsVisible,False,
element_end
element_start,add_1_vestal_curiosity,Effect
m_Chance,1,
m_TokenAddId,vestal_curiosity,
m_TokenAddAmount,1,
m_ShowValue,False,
m_IsVisible,False,
element_end
element_start,add_1_vestal_flame_a,Effect
m_Chance,1,
m_TokenAddId,vestal_flame_a,
m_TokenAddAmount,1,
m_ShowValue,False,
all_conditions,performer_has_0_count,
element_end
element_start,add_1_vestal_flame_c,Effect
m_Chance,1,
m_TokenAddId,vestal_flame_c,
m_TokenAddAmount,1,
m_ShowValue,False,
element_end
element_start,add_1_vestal_flame_d,Effect
m_Chance,1,
m_TokenAddId,vestal_flame_d,
m_TokenAddAmount,1,
m_ShowValue,False,
element_end
element_start,add_1_vestal_kindling,Effect
m_Chance,1,
m_TokenAddId,vestal_kindling,
m_TokenAddAmount,1,
m_ShowValue,False,
element_end
element_start,add_1_vestal_window,Effect
m_Chance,1,
m_TokenAddId,vestal_window,
m_TokenAddAmount,1,
m_ShowValue,False,
all_conditions,performer_is_vestal_window_dark,performer_has_0_count,performer_has_no_logic_a,
element_end
element_start,add_1_violinist_riposte_bridge,Effect
m_Chance,1,
m_TokenAddId,violinist_riposte_bridge,
m_TokenAddAmount,1,
m_ShowValue,False,
element_end
element_start,add_1_violinist_riposte_bridge_if_2_count,Effect
m_Chance,1,
m_TokenAddId,violinist_riposte_bridge,
m_TokenAddAmount,1,
m_ShowValue,False,
all_conditions,performer_has_2_count,
element_end
element_start,add_1_violinist_riposte_chorus,Effect
m_Chance,1,
m_TokenAddId,violinist_riposte_chorus,
m_TokenAddAmount,1,
m_ShowValue,False,
element_end
element_start,add_1_violinist_riposte_finale,Effect
m_Chance,1,
m_TokenAddId,violinist_riposte_finale,
m_TokenAddAmount,1,
m_ShowValue,False,
element_end
element_start,add_1_violinist_riposte_solo,Effect
m_Chance,1,
m_TokenAddId,violinist_riposte_solo,
m_TokenAddAmount,1,
m_ShowValue,False,
element_end
element_start,add_1_violinist_riposte_verse,Effect
m_Chance,1,
m_TokenAddId,violinist_riposte_verse,
m_TokenAddAmount,1,
m_ShowValue,False,
element_end
element_start,add_1_violinist_riposte_verse_if_1_or_less_count,Effect
m_Chance,1,
m_TokenAddId,violinist_riposte_verse,
m_TokenAddAmount,1,
m_ShowValue,False,
all_conditions,performer_has_1_or_less_count,
element_end
element_start,add_1_virulent_blight,Effect
m_Chance,1,
m_TokenAddId,virulent_blight,
m_TokenAddAmount,1,
m_ShowValue,False,
element_end
element_start,add_1_virulent_blight_manager,Effect
m_Chance,1,
m_TokenAddId,virulent_blight_manager,
m_TokenAddAmount,1,
m_ShowValue,False,
m_IsVisible,False,
element_end
element_start,add_1_vulnerable,Effect
m_Chance,1,
m_TokenAddId,vulnerable,
m_TokenAddAmount,1,
m_ShowValue,False,
element_end
element_start,add_1_vulnerable_10pct,Effect
m_Chance,0.1,
m_TokenAddId,vulnerable,
m_TokenAddAmount,1,
m_ShowValue,False,
element_end
element_start,add_1_vulnerable_10pct_spd_2orless,Effect
m_Chance,0.1,
m_TokenAddId,vulnerable,
m_TokenAddAmount,1,
m_ShowValue,False,
all_conditions,performer_speed_2orless,
element_end
element_start,add_1_vulnerable_15pct,Effect
m_Chance,0.15,
m_TokenAddId,vulnerable,
m_TokenAddAmount,1,
m_ShowValue,False,
element_end
element_start,add_1_vulnerable_20pct,Effect
m_Chance,0.2,
m_TokenAddId,vulnerable,
m_TokenAddAmount,1,
m_ShowValue,False,
element_end
element_start,add_1_vulnerable_25pct,Effect
m_Chance,0.25,
m_TokenAddId,vulnerable,
m_TokenAddAmount,1,
m_ShowValue,False,
element_end
element_start,add_1_vulnerable_33pct,Effect
m_Chance,0.33,
m_TokenAddId,vulnerable,
m_TokenAddAmount,1,
m_ShowValue,False,
element_end
element_start,add_1_vulnerable_40pct,Effect
m_Chance,0.4,
m_TokenAddId,vulnerable,
m_TokenAddAmount,1,
m_ShowValue,False,
element_end
element_start,add_1_vulnerable_50pct,Effect
m_Chance,0.5,
m_TokenAddId,vulnerable,
m_TokenAddAmount,1,
m_ShowValue,False,
element_end
element_start,add_1_vulnerable_50pct_nr,Effect
m_Chance,0.5,
m_IgnoreResist,True,
m_TokenAddId,vulnerable,
m_TokenAddAmount,1,
m_ShowValue,False,
element_end
element_start,add_1_vulnerable_5pct,Effect
m_Chance,0.05,
m_TokenAddId,vulnerable,
m_TokenAddAmount,1,
m_ShowValue,False,
element_end
element_start,add_1_vulnerable_first_initiative_33pct,Effect
m_Chance,0.33,
m_TokenAddId,vulnerable,
m_TokenAddAmount,1,
m_ShowValue,False,
all_conditions,performer_has_first_initiative,
element_end
element_start,add_1_vulnerable_if_first_initiative,Effect
m_Chance,1,
m_TokenAddId,vulnerable,
m_TokenAddAmount,1,
m_ShowValue,False,
all_conditions,performer_has_first_initiative,
element_end
element_start,add_1_vulnerable_nr,Effect
m_Chance,1,
m_IgnoreResist,True,
m_TokenAddId,vulnerable,
m_TokenAddAmount,1,
m_ShowValue,False,
element_end
element_start,add_1_vulnerable_nr_hidden,Effect
m_Chance,1,
m_IgnoreResist,True,
m_TokenAddId,vulnerable,
m_TokenAddAmount,1,
m_ShowValue,False,
m_IsVisible,False,
element_end
element_start,add_1_weak,Effect
m_Chance,1,
m_TokenAddId,weak,
m_TokenAddAmount,1,
m_ShowValue,False,
element_end
element_start,add_1_weak_10pct,Effect
m_Chance,0.1,
m_TokenAddId,weak,
m_TokenAddAmount,1,
m_ShowValue,False,
element_end
element_start,add_1_weak_10pct_spd_2orless,Effect
m_Chance,0.1,
m_TokenAddId,weak,
m_TokenAddAmount,1,
m_ShowValue,False,
all_conditions,performer_speed_2orless,
element_end
element_start,add_1_weak_15pct,Effect
m_Chance,0.15,
m_TokenAddId,weak,
m_TokenAddAmount,1,
m_ShowValue,False,
element_end
element_start,add_1_weak_20pct,Effect
m_Chance,0.2,
m_TokenAddId,weak,
m_TokenAddAmount,1,
m_ShowValue,False,
element_end
element_start,add_1_weak_25pct,Effect
m_Chance,0.25,
m_TokenAddId,weak,
m_TokenAddAmount,1,
m_ShowValue,False,
element_end
element_start,add_1_weak_33pct,Effect
m_Chance,0.33,
m_TokenAddId,weak,
m_TokenAddAmount,1,
m_ShowValue,False,
element_end
element_start,add_1_weak_40pct,Effect
m_Chance,0.4,
m_TokenAddId,weak,
m_TokenAddAmount,1,
m_ShowValue,False,
element_end
element_start,add_1_weak_50pct,Effect
m_Chance,0.5,
m_TokenAddId,weak,
m_TokenAddAmount,1,
m_ShowValue,False,
element_end
element_start,add_1_weak_bh_hurlbat,Effect
m_Chance,1,
m_TokenAddId,weak,
m_TokenAddAmount,1,
m_ShowValue,False,
all_conditions,skill_is_bh_hurlbat,
element_end
element_start,add_1_weak_if_first_initiative,Effect
m_Chance,1,
m_TokenAddId,weak,
m_TokenAddAmount,1,
m_ShowValue,False,
all_conditions,performer_has_first_initiative,
element_end
element_start,add_1_weak_if_rank_1,Effect
m_Chance,1,
m_TokenAddId,weak,
m_TokenAddAmount,1,
m_ShowValue,False,
all_conditions,performer_is_in_rank_1,
element_end
element_start,add_1_weak_nr,Effect
m_Chance,1,
m_IgnoreResist,True,
m_TokenAddId,weak,
m_TokenAddAmount,1,
m_ShowValue,False,
element_end
element_start,add_1_weak_nr_hidden,Effect
m_Chance,1,
m_IgnoreResist,True,
m_TokenAddId,weak,
m_TokenAddAmount,1,
m_ShowValue,False,
m_IsVisible,False,
element_end
element_start,add_1_weakness_10pct,Effect
m_Chance,0.1,
m_TokenAddId,weak,
m_TokenAddAmount,1,
m_ShowValue,False,
element_end
element_start,add_1_winded,Effect
m_Chance,1,
m_TokenAddId,hellion_winded,
m_TokenAddAmount,1,
m_ShowValue,False,
element_end
element_start,add_1_worship,Effect
m_Chance,1,
m_TokenAddId,worship,
m_TokenAddAmount,1,
m_ShowValue,False,
any_conditions,enemy_party_contains_worshipped_cultist,enemy_party_contains_exemplar,
element_end
element_start,add_1_worship_cultist_chance,Effect
m_Chance,0.33,
m_TokenAddId,worship,
m_TokenAddAmount,1,
m_ShowValue,False,
any_conditions,enemy_party_contains_worshipped_cultist,enemy_party_contains_exemplar,
element_end
element_start,add_1_worship_proclaimer_chance,Effect
m_Chance,0.67,
m_TokenAddId,worship,
m_TokenAddAmount,1,
m_ShowValue,False,
element_end
element_start,add_2_benediction,Effect
m_Chance,1,
m_TokenAddId,benediction,
m_TokenAddAmount,2,
m_ShowValue,True,
element_end
element_start,add_2_blind,Effect
m_Chance,1,
m_TokenAddId,blind,
m_TokenAddAmount,2,
m_ShowValue,True,
element_end
element_start,add_2_blind_torch_over_50,Effect
m_Chance,1,
m_TokenAddId,blind,
m_TokenAddAmount,2,
m_ShowValue,True,
all_conditions,performer_torchlight_over_50,
element_end
element_start,add_2_block,Effect
m_Chance,1,
m_TokenAddId,block,
m_TokenAddAmount,2,
m_ShowValue,True,
element_end
element_start,add_2_block_plus,Effect
m_Chance,1,
m_TokenAddId,block_plus,
m_TokenAddAmount,2,
m_ShowValue,True,
element_end
element_start,add_2_crit,Effect
m_Chance,1,
m_TokenAddId,crit,
m_TokenAddAmount,2,
m_ShowValue,True,
element_end
element_start,add_2_dodge,Effect
m_Chance,1,
m_TokenAddId,dodge,
m_TokenAddAmount,2,
m_ShowValue,True,
element_end
element_start,add_2_dodge_if_performer_no_stealth,Effect
m_Chance,1,
m_TokenAddId,dodge,
m_TokenAddAmount,2,
m_ShowValue,True,
all_conditions,performer_has_no_stealth,
element_end
element_start,add_2_dodge_plus,Effect
m_Chance,1,
m_TokenAddId,dodge_plus,
m_TokenAddAmount,2,
m_ShowValue,True,
element_end
element_start,add_2_dodge_plus_15pct,Effect
m_Chance,0.15,
m_TokenAddId,dodge_plus,
m_TokenAddAmount,2,
m_ShowValue,True,
element_end
element_start,add_2_dodge_plus_if_performer_has_stealth,Effect
m_Chance,1,
m_TokenAddId,dodge_plus,
m_TokenAddAmount,2,
m_ShowValue,True,
all_conditions,performer_has_stealth,
element_end
element_start,add_2_food,Effect
m_Chance,1,
m_TokenAddId,food,
m_TokenAddAmount,2,
m_ShowValue,True,
element_end
element_start,add_2_guard,Effect
m_Chance,1,
m_TokenAddId,guard,
m_TokenAddAmount,2,
m_ShowValue,True,
element_end
element_start,add_2_immobilize,Effect
m_Chance,1,
m_TokenAddId,immobilize,
m_TokenAddAmount,2,
m_ShowValue,True,
element_end
element_start,add_2_immobilize_33pct,Effect
m_Chance,0.33,
m_TokenAddId,immobilize,
m_TokenAddAmount,2,
m_ShowValue,True,
element_end
element_start,add_2_random_pos_trinket_token,Effect
m_Chance,1,
m_TokenAddTag,pos_trinket_token,
m_TokenAddAmount,2,
element_end
element_start,add_2_ranged_dodge,Effect
m_Chance,1,
m_TokenAddId,hellion_ranged_dodge,
m_TokenAddAmount,2,
m_ShowValue,True,
element_end
element_start,add_2_riposte,Effect
m_Chance,1,
m_TokenAddId,riposte,
m_TokenAddAmount,2,
m_ShowValue,True,
element_end
element_start,add_2_riposte_hwm_highway_robbery,Effect
m_Chance,0.5,
m_TokenAddId,riposte,
m_TokenAddAmount,2,
m_ShowValue,True,
all_conditions,skill_is_hwm_highway_robbery,
element_end
element_start,add_2_smouldering_token_pile,Effect
m_Chance,1,
m_IgnoreResist,True,
m_TokenAddId,smouldering,
m_TokenAddAmount,2,
m_ShowValue,True,
all_conditions,target_is_run_hs_pile,
m_IsVisible,False,
element_end
element_start,add_2_stealth,Effect
m_Chance,1,
m_TokenAddId,stealth,
m_TokenAddAmount,2,
m_ShowValue,True,
element_end
element_start,add_2_strength,Effect
m_Chance,1,
m_TokenAddId,strength,
m_TokenAddAmount,2,
m_ShowValue,True,
element_end
element_start,add_2_taunt,Effect
m_Chance,1,
m_TokenAddId,taunt,
m_TokenAddAmount,2,
m_ShowValue,True,
element_end
element_start,add_2_taunt_25pct,Effect
m_Chance,0.25,
m_TokenAddId,taunt,
m_TokenAddAmount,2,
m_ShowValue,True,
element_end
element_start,add_1_taunt_if_rank_4,Effect
m_Chance,1,
m_TokenAddId,taunt,
m_TokenAddAmount,1,
m_ShowValue,False,
all_conditions,performer_is_in_rank_4,
element_end
element_start,add_2_taunt_nr,Effect
m_Chance,1,
m_IgnoreResist,True,
m_TokenAddId,taunt,
m_TokenAddAmount,2,
m_ShowValue,True,
element_end
element_start,add_2_taunt_nr_25pct,Effect
m_Chance,0.25,
m_IgnoreResist,True,
m_TokenAddId,taunt,
m_TokenAddAmount,2,
m_ShowValue,True,
element_end
element_start,add_2_taunt_ves_hand_of_light,Effect
m_Chance,1,
m_IgnoreResist,True,
m_TokenAddId,taunt,
m_TokenAddAmount,2,
m_ShowValue,True,
all_conditions,skill_is_ves_hand_of_light,
element_end
element_start,add_2_unchecked_power,Effect
m_Chance,1,
m_TokenAddId,unchecked_power,
m_TokenAddAmount,2,
m_ShowValue,True,
element_end
element_start,add_2_vulnerable,Effect
m_Chance,1,
m_TokenAddId,vulnerable,
m_TokenAddAmount,2,
m_ShowValue,True,
element_end
element_start,add_2_weak,Effect
m_Chance,1,
m_TokenAddId,weak,
m_TokenAddAmount,2,
m_ShowValue,True,
element_end
element_start,add_2_weak_50pct,Effect
m_Chance,0.5,
m_TokenAddId,weak,
m_TokenAddAmount,2,
m_ShowValue,True,
element_end
element_start,add_2_weak_deaths_door,Effect
m_Chance,1,
m_IgnoreResist,True,
m_TokenAddId,weak,
m_TokenAddAmount,2,
m_ShowValue,True,
all_conditions,performer_is_weakened_on_deaths_door,
element_end
element_start,add_3_block_plus,Effect
m_Chance,1,
m_TokenAddId,block_plus,
m_TokenAddAmount,3,
m_ShowValue,True,
element_end
element_start,add_3_dodge,Effect
m_Chance,1,
m_TokenAddId,dodge,
m_TokenAddAmount,3,
m_ShowValue,True,
element_end
element_start,add_3_dodge_plus,Effect
m_Chance,1,
m_TokenAddId,dodge_plus,
m_TokenAddAmount,3,
m_ShowValue,True,
element_end
element_start,add_3_food,Effect
m_Chance,1,
m_TokenAddId,food,
m_TokenAddAmount,3,
m_ShowValue,True,
element_end
element_start,add_3_guard,Effect
m_Chance,1,
m_TokenAddId,guard,
m_TokenAddAmount,3,
m_ShowValue,True,
element_end
element_start,add_3_immobilize_arms_boss,Effect
m_Chance,1,
m_TokenAddId,immobilize,
m_TokenAddAmount,3,
m_ShowValue,True,
all_conditions,target_is_combo_primed,
m_IsVisible,False,
element_end
element_start,add_3_riposte,Effect
m_Chance,1,
m_TokenAddId,riposte,
m_TokenAddAmount,3,
m_ShowValue,True,
element_end
element_start,add_3_smouldering_token_stove,Effect
m_Chance,1,
m_IgnoreResist,True,
m_TokenAddId,smouldering,
m_TokenAddAmount,3,
m_ShowValue,True,
all_conditions,target_is_run_hs_stove,
m_IsVisible,False,
element_end
element_start,add_3_taunt_nr,Effect
m_Chance,1,
m_IgnoreResist,True,
m_TokenAddId,taunt,
m_TokenAddAmount,3,
m_ShowValue,True,
element_end
element_start,add_3_unchecked_power,Effect
m_Chance,1,
m_TokenAddId,unchecked_power,
m_TokenAddAmount,3,
m_ShowValue,True,
element_end
element_start,add_5_speed,Effect
m_Chance,1,
m_TokenAddId,speed,
m_TokenAddAmount,1,
m_ShowValue,False,
element_end
element_start,add_alchemical_gear_loot,Effect
m_Chance,1,
m_LootIds,SC_ALCHEMICAL_GEAR_LOOT,
m_LootReasonId,alchemical_gear,
element_end
element_start,add_arms_phase2_debuff,Effect
m_Chance,1,
buffs,plus_1_bleed_duration_debuff,
element_end
element_start,add_bad_digestion_quirk,Effect
m_Chance,0.05,
quirks,quirk_bad_digestion_neg,
element_end
element_start,add_block_token_small_chance,Effect
m_Chance,0.05,
m_TokenAddId,block,
m_TokenAddAmount,1,
m_ShowValue,False,
element_end
element_start,add_boss_doom_reset_buff,Effect
m_Chance,1,
buffs,boss_doom_reset_buff,
all_conditions,doom_reset_count_1orgreater,
element_end
element_start,add_chirurgeons_kit_loot,Effect
m_Chance,1,
m_LootIds,SC_CHIRURGEONS_KIT_LOOT,
m_LootReasonId,chirurgeons_kit,
element_end
element_start,add_cowardice_failure_debuff,Effect
m_Chance,1,
buffs,debuff_cowardice_failure,
element_end
element_start,add_crit_token_small_chance,Effect
m_Chance,0.05,
m_TokenAddId,crit,
m_TokenAddAmount,1,
m_ShowValue,False,
element_end
element_start,add_daze_token_relationship,Effect
m_Chance,0.05,
m_TokenAddId,daze,
m_TokenAddAmount,1,
m_ShowValue,False,
element_end
element_start,add_dodge_token_small_chance,Effect
m_Chance,0.05,
m_TokenAddId,dodge,
m_TokenAddAmount,1,
m_ShowValue,False,
element_end
element_start,add_explosives_magazine_loot,Effect
m_Chance,1,
m_LootIds,SC_EXPLOSIVES_MAGAZINE_LOOT,
m_LootReasonId,explosives_magazine,
element_end
element_start,add_griddle_loot,Effect
m_Chance,1,
m_LootIds,SC_GRIDDLE_LOOT,
m_LootReasonId,griddle,
element_end
element_start,add_maxhp_if_food,Effect
m_Chance,1,
buffs,memory_buff_18_end_buff,
all_conditions,is_food_item,
element_end
element_start,add_mortar_and_pestle_loot,Effect
m_Chance,1,
m_LootIds,SC_MORTAR_AND_PESTLE_LOOT,
m_LootReasonId,mortar_and_pestle,
element_end
element_start,add_pet_croc_dmg_buff,Effect
m_Chance,1,
buffs,pet_croc_dmg_buff,
element_end
element_start,add_pet_croc_spd_debuff,Effect
m_Chance,0.2,
buffs,pet_croc_spd_debuff,
element_end
element_start,add_pet_tick_loot,Effect
m_Chance,0.08,
m_LootIds,SC_PET_TICK_LOOT,
m_LootReasonId,pet_tick,
all_conditions,target_is_not_corpse_hidden,
element_end
element_start,add_riposte_if_last_supplicant,Effect
m_Chance,1,
m_TokenAddId,riposte_invisible_infinite,
m_TokenAddAmount,1,
m_ShowValue,False,
all_conditions,monster_is_last_supplicant,
element_end
element_start,add_riposte_token_small_chance,Effect
m_Chance,0.05,
m_TokenAddId,riposte,
m_TokenAddAmount,1,
m_ShowValue,False,
element_end
element_start,add_speed_buff_1_until_next_inn,Effect
m_Chance,1,
buffs,nextcamp_speed_1,
element_end
element_start,add_stealth_token_small_chance,Effect
m_Chance,0.05,
m_TokenAddId,stealth,
m_TokenAddAmount,1,
m_ShowValue,False,
element_end
element_start,add_stew_pot_loot,Effect
m_Chance,1,
m_LootIds,SC_STEW_POT_LOOT,
m_LootReasonId,stew_pot,
element_end
element_start,add_strength_token_small_chance,Effect
m_Chance,0.05,
m_TokenAddId,strength,
m_TokenAddAmount,1,
m_ShowValue,False,
element_end
element_start,add_taunt_token_small_chance_nr,Effect
m_Chance,0.05,
m_IgnoreResist,True,
m_TokenAddId,taunt,
m_TokenAddAmount,1,
m_ShowValue,False,
element_end
element_start,add_tinkers_bench_loot,Effect
m_Chance,1,
m_LootIds,SC_TINKERS_BENCH_LOOT,
m_LootReasonId,tinkers_bench,
element_end
element_start,add_trapmakers_kit_loot,Effect
m_Chance,1,
m_LootIds,SC_TRAPMAKERS_KIT_LOOT,
m_LootReasonId,trapmakers_kit,
element_end
element_start,add_trinket_idle_thought_debuff_nr,Effect
m_Chance,1,
m_IgnoreResist,True,
buffs,trinket_cultist_idle_thought_debuff,
element_end
element_start,add_vulnerable_token_relationship,Effect
m_Chance,0.05,
m_TokenAddId,vulnerable,
m_TokenAddAmount,1,
m_ShowValue,False,
element_end
element_start,add_weak_token_relationship,Effect
m_Chance,0.05,
m_TokenAddId,weak,
m_TokenAddAmount,1,
m_ShowValue,False,
element_end
element_start,add_whiskey_still_loot,Effect
m_Chance,1,
m_LootIds,SC_WHISKEY_STILL_LOOT,
m_LootReasonId,whiskey_still,
element_end
element_start,add_worktable_loom_loot,Effect
m_Chance,1,
m_LootIds,SC_WORKTABLE_LOOM_LOOT,
m_LootReasonId,worktable_loom,
element_end
element_start,affinity_1_100pct,Effect
m_Chance,1,
m_AffinityLeaningChange,1,
m_CritChance,0.1,
m_CritMultiplier,1,
element_end
element_start,affinity_1_100pct_nocrit,Effect
m_Chance,1,
m_AffinityLeaningChange,1,
m_CritChance,0,
m_CritMultiplier,1,
element_end
element_start,affinity_1_10pct,Effect
m_Chance,0.1,
m_AffinityLeaningChange,1,
m_CritChance,0.1,
m_CritMultiplier,1,
element_end
element_start,affinity_1_25pct,Effect
m_Chance,0.25,
m_AffinityLeaningChange,1,
m_CritChance,0.1,
m_CritMultiplier,1,
element_end
element_start,affinity_1_33pct,Effect
m_Chance,0.33,
m_AffinityLeaningChange,1,
m_CritChance,0.1,
m_CritMultiplier,1,
element_end
element_start,affinity_1_50pct,Effect
m_Chance,0.5,
m_AffinityLeaningChange,1,
m_CritChance,0.1,
m_CritMultiplier,1,
element_end
element_start,affinity_1_67pct,Effect
m_Chance,0.67,
m_AffinityLeaningChange,1,
m_CritChance,0.1,
m_CritMultiplier,1,
element_end
element_start,affinity_1_75pct,Effect
m_Chance,0.75,
m_AffinityLeaningChange,1,
m_CritChance,0.1,
m_CritMultiplier,1,
element_end
element_start,affinity_1_90pct,Effect
m_Chance,0.9,
m_AffinityLeaningChange,1,
m_CritChance,0.1,
m_CritMultiplier,1,
element_end
element_start,affinity_10_100pct,Effect
m_Chance,1,
m_AffinityLeaningChange,10,
m_CritChance,0.1,
m_CritMultiplier,1,
element_end
element_start,affinity_2_100pct,Effect
m_Chance,1,
m_AffinityLeaningChange,2,
m_CritChance,0.1,
m_CritMultiplier,1,
element_end
element_start,affinity_2_100pct_nocrit,Effect
m_Chance,1,
m_AffinityLeaningChange,2,
m_CritChance,0,
m_CritMultiplier,1,
element_end
element_start,affinity_3_100pct,Effect
m_Chance,1,
m_AffinityLeaningChange,3,
m_CritChance,0.1,
m_CritMultiplier,1,
element_end
element_start,affinity_4_100pct,Effect
m_Chance,1,
m_AffinityLeaningChange,4,
m_CritChance,0.1,
m_CritMultiplier,1,
element_end
element_start,affinity_4_67pct,Effect
m_Chance,0.67,
m_AffinityLeaningChange,4,
m_CritChance,0.1,
m_CritMultiplier,1,
element_end
element_start,affinity_5_100pct,Effect
m_Chance,1,
m_AffinityLeaningChange,5,
m_CritChance,0.1,
m_CritMultiplier,1,
element_end
element_start,affinity_6_100pct,Effect
m_Chance,1,
m_AffinityLeaningChange,6,
m_CritChance,0.1,
m_CritMultiplier,1,
element_end
element_start,affinity_7_100pct,Effect
m_Chance,1,
m_AffinityLeaningChange,7,
m_CritChance,0.1,
m_CritMultiplier,1,
element_end
element_start,affinity_8_100pct,Effect
m_Chance,1,
m_AffinityLeaningChange,8,
m_CritChance,0.1,
m_CritMultiplier,1,
element_end
element_start,affinity_9_100pct,Effect
m_Chance,1,
m_AffinityLeaningChange,9,
m_CritChance,0.1,
m_CritMultiplier,1,
element_end
element_start,affinity_neg1_100pct,Effect
m_Chance,1,
m_AffinityLeaningChange,-1,
m_CritChance,0,
m_CritMultiplier,1,
element_end
element_start,affinity_neg1_100pct_nocrit,Effect
m_Chance,1,
m_AffinityLeaningChange,-1,
m_CritChance,0,
m_CritMultiplier,1,
element_end
element_start,affinity_neg1_10pct,Effect
m_Chance,0.1,
m_AffinityLeaningChange,-1,
m_CritChance,0,
m_CritMultiplier,1,
element_end
element_start,affinity_neg1_25pct,Effect
m_Chance,0.25,
m_AffinityLeaningChange,-1,
m_CritChance,0,
m_CritMultiplier,1,
element_end
element_start,affinity_neg1_33pct,Effect
m_Chance,0.33,
m_AffinityLeaningChange,-1,
m_CritChance,0,
m_CritMultiplier,1,
element_end
element_start,affinity_neg1_50pct,Effect
m_Chance,0.5,
m_AffinityLeaningChange,-1,
m_CritChance,0,
m_CritMultiplier,1,
element_end
element_start,affinity_neg1_67pct,Effect
m_Chance,0.67,
m_AffinityLeaningChange,-1,
m_CritChance,0,
m_CritMultiplier,1,
element_end
element_start,affinity_neg1_75pct,Effect
m_Chance,0.75,
m_AffinityLeaningChange,-1,
m_CritChance,0,
m_CritMultiplier,1,
element_end
element_start,affinity_neg10_100pct,Effect
m_Chance,1,
m_AffinityLeaningChange,-10,
m_CritChance,0,
m_CritMultiplier,1,
element_end
element_start,affinity_neg2_100pct,Effect
m_Chance,1,
m_AffinityLeaningChange,-2,
m_CritChance,0,
m_CritMultiplier,1,
element_end
element_start,affinity_neg2_100pct_nocrit,Effect
m_Chance,1,
m_AffinityLeaningChange,-2,
m_CritChance,0,
m_CritMultiplier,1,
element_end
element_start,affinity_neg3_100pct,Effect
m_Chance,1,
m_AffinityLeaningChange,-3,
m_CritChance,0,
m_CritMultiplier,1,
element_end
element_start,affinity_neg4_100pct,Effect
m_Chance,1,
m_AffinityLeaningChange,-4,
m_CritChance,0,
m_CritMultiplier,1,
element_end
element_start,affinity_neg4_33pct,Effect
m_Chance,0.33,
m_AffinityLeaningChange,-4,
m_CritChance,0,
m_CritMultiplier,1,
element_end
element_start,affinity_neg5_100pct,Effect
m_Chance,1,
m_AffinityLeaningChange,-5,
m_CritChance,0,
m_CritMultiplier,1,
element_end
element_start,affinity_neg6_100pct,Effect
m_Chance,1,
m_AffinityLeaningChange,-6,
m_CritChance,0,
m_CritMultiplier,1,
element_end
element_start,affinity_neg7_100pct,Effect
m_Chance,1,
m_AffinityLeaningChange,-7,
m_CritChance,0,
m_CritMultiplier,1,
element_end
element_start,affinity_neg8_100pct,Effect
m_Chance,1,
m_AffinityLeaningChange,-8,
m_CritChance,0,
m_CritMultiplier,1,
element_end
element_start,affinity_neg9_100pct,Effect
m_Chance,1,
m_AffinityLeaningChange,-9,
m_CritChance,0,
m_CritMultiplier,1,
element_end
element_start,altar_death_listener_e,Effect
m_Chance,1,
buffs,altar_death_listener,
element_end
element_start,altar_death_listener_heroes_e,Effect
m_Chance,1,
buffs,altar_death_listener_heroes,
element_end
element_start,altar_of_denial_buff_e,Effect
m_Chance,1,
buffs,altar_of_denial_buff,
element_end
element_start,altar_of_denial_stealth_2_chance,Effect
m_Chance,0.13,
m_TokenAddId,stealth,
m_TokenAddAmount,2,
m_ShowValue,True,
all_conditions,enemies_have_no_stealth,
element_end
element_start,altar_of_denial_stealth_chance,Effect
m_Chance,0.2,
m_TokenAddId,stealth,
m_TokenAddAmount,1,
m_ShowValue,False,
all_conditions,enemies_have_no_stealth,
element_end
element_start,altar_of_obsession_buff_e,Effect
m_Chance,1,
m_IgnoreResist,True,
buffs,altar_of_obsession_buff,
element_end
element_start,altar_of_obsession_taunt_2_chance,Effect
m_Chance,0.25,
m_IgnoreResist,True,
m_TokenAddId,taunt,
m_TokenAddAmount,2,
m_ShowValue,True,
all_conditions,enemies_have_no_taunt,
element_end
element_start,altar_of_obsession_taunt_chance,Effect
m_Chance,0.75,
m_IgnoreResist,True,
m_TokenAddId,taunt,
m_TokenAddAmount,1,
m_ShowValue,False,
all_conditions,enemies_have_no_taunt,
element_end
element_start,altar_of_resentment_buff_e,Effect
m_Chance,1,
buffs,altar_of_resentment_buff,
element_end
element_start,anti_block_debuff_e,Effect
m_Chance,1,
m_IgnoreResist,True,
buffs,anti_block_debuff,
element_end
element_start,anti_block_debuff_e_inevitable_end,Effect
m_Chance,1,
m_IgnoreResist,True,
buffs,anti_block_debuff,
all_conditions,skill_is_lep_break,
element_end
element_start,anti_dodge_debuff_e,Effect
m_Chance,1,
m_IgnoreResist,True,
buffs,anti_dodge_debuff,
element_end
element_start,anti_stealth_debuff_e,Effect
m_Chance,1,
m_IgnoreResist,True,
buffs,anti_stealth_debuff,
element_end
element_start,antiquarian_extra_action,Effect
m_Chance,1,
m_AddTurn,1,
all_conditions,enemy_party_contains_more_than_1_pillager,
element_end
element_start,antiquarian_extra_action_manager_e,Effect
m_Chance,1,
buffs,antiquarian_extra_action_manager,
element_end
element_start,arbalist_serrated_bolt_bleed,Effect
m_Chance,1,
m_DotAddId,medium_bleed_dot,
m_DotAddAmount,1,
element_end
element_start,arbalist_serrated_bolt_debuff,Effect
m_Chance,1,
buffs,arbalist_serrated_bolt_bleed_resist_debuff,
element_end
element_start,arms_blessing_bleedrider_effect,Effect
m_Chance,1,
buffs,arms_bleedrider_buff,
element_end
element_start,arms_blessing_vulnrider_effect,Effect
m_Chance,1,
buffs,arms_vulnrider_buff,
element_end
element_start,banter_effect_buff_bleedresist,Effect
m_Chance,1,
m_IgnoreResist,True,
buffs,banter_buff_bleedresist,
element_end
element_start,banter_effect_buff_blightresist,Effect
m_Chance,1,
m_IgnoreResist,True,
buffs,banter_buff_blightresist,
element_end
element_start,banter_effect_buff_burnresist,Effect
m_Chance,1,
m_IgnoreResist,True,
buffs,banter_buff_burnresist,
element_end
element_start,banter_effect_buff_dmg,Effect
m_Chance,1,
m_IgnoreResist,True,
buffs,banter_buff_dmg,
element_end
element_start,banter_effect_buff_spd,Effect
m_Chance,1,
m_IgnoreResist,True,
buffs,banter_buff_spd,
element_end
element_start,banter_effect_buff_tactician_cave,Effect
m_Chance,1,
m_IgnoreResist,True,
buffs,banter_buff_tactician_cave,
element_end
element_start,banter_effect_buff_tactician_city,Effect
m_Chance,1,
m_IgnoreResist,True,
buffs,banter_buff_tactician_city,
element_end
element_start,banter_effect_buff_tactician_farm,Effect
m_Chance,1,
m_IgnoreResist,True,
buffs,banter_buff_tactician_farm,
element_end
element_start,banter_effect_buff_tactician_forest,Effect
m_Chance,1,
m_IgnoreResist,True,
buffs,banter_buff_tactician_forest,
element_end
element_start,banter_effect_buff_tactician_shroud,Effect
m_Chance,1,
m_IgnoreResist,True,
buffs,banter_buff_tactician_shroud,
element_end
element_start,banter_effect_compassionate,Effect
m_Chance,1,
buffs,buff_banter_compassionate_str_buff,
element_end
element_start,banter_effect_debuff_bleedresist,Effect
m_Chance,1,
m_IgnoreResist,True,
buffs,banter_debuff_bleedresist,
element_end
element_start,banter_effect_debuff_blightresist,Effect
m_Chance,1,
m_IgnoreResist,True,
buffs,banter_debuff_blightresist,
element_end
element_start,banter_effect_debuff_burnresist,Effect
m_Chance,1,
m_IgnoreResist,True,
buffs,banter_debuff_burnresist,
element_end
element_start,banter_effect_debuff_deathblowresist,Effect
m_Chance,1,
m_IgnoreResist,True,
buffs,banter_debuff_deathblowresist,
element_end
element_start,banter_effect_debuff_dmg,Effect
m_Chance,1,
m_IgnoreResist,True,
buffs,banter_debuff_dmg,
element_end
element_start,banter_effect_debuff_spd,Effect
m_Chance,1,
m_IgnoreResist,True,
buffs,banter_debuff_spd,
element_end
element_start,banter_effect_field_surgeon,Effect
m_Chance,0.2,
m_HealthHealPercent,0.3,
m_CritChance,0.05,
m_CritMultiplier,0.5,
element_end
element_start,banter_effect_hatred_cadaver,Effect
m_Chance,1,
buffs,buff_banter_hatred_of_cadaver,
element_end
element_start,banter_effect_hatred_fanatic,Effect
m_Chance,1,
buffs,buff_banter_hatred_of_fanatic,
element_end
element_start,banter_effect_hatred_fisherfolk,Effect
m_Chance,1,
buffs,buff_banter_hatred_of_fisherfolk,
element_end
element_start,banter_effect_hatred_gentry,Effect
m_Chance,1,
buffs,buff_banter_hatred_of_gentry,
element_end
element_start,banter_effect_hatred_swine,Effect
m_Chance,1,
buffs,buff_banter_hatred_of_swine,
element_end
element_start,banter_effect_slayer_cadaver,Effect
m_Chance,1,
buffs,buff_banter_slayer_of_cadaver,
element_end
element_start,banter_effect_slayer_fanatic,Effect
m_Chance,1,
buffs,buff_banter_slayer_of_fanatic,
element_end
element_start,banter_effect_slayer_fisherfolk,Effect
m_Chance,1,
buffs,buff_banter_slayer_of_fisherfolk,
element_end
element_start,banter_effect_slayer_gentry,Effect
m_Chance,1,
buffs,buff_banter_slayer_of_gentry,
element_end
element_start,banter_effect_slayer_swine,Effect
m_Chance,1,
buffs,buff_banter_slayer_of_swine,
element_end
element_start,banter_effect_slob,Effect
m_Chance,1,
m_StressDamage,1,
all_conditions,target_has_neat_freak,
element_end
element_start,banter_effect_stress_knitter_stress_heal,Effect
m_Chance,1,
m_StressHeal,1,
element_end
element_start,banter_effect_sunny_disposition,Effect
m_Chance,1,
m_StressHeal,1,
element_end
element_start,banter_effect_torch_gain,Effect
m_Chance,1,
torch,5,
element_end
element_start,banter_effect_torch_loss,Effect
m_Chance,1,
torch,-5,
element_end
element_start,banter_rummager_effect_loot,Effect
m_Chance,1,
m_LootIds,RUMMAGER_BANTER_LOOT,
m_LootReasonId,rummager_banter,
element_end
element_start,battalion_dog_death_listener_e,Effect
m_Chance,1,
buffs,battalion_dog_death_listener,
element_end
element_start,battalion_dog_howl_buff_e,Effect
m_Chance,1,
buffs,battalion_dog_howl_buff,
element_end
element_start,battalion_dog_howl_buff_remover,Effect
m_Chance,1,
m_BuffRemoveAllTags,dog_boss,
all_conditions,monsters_contain_no_dog_boss,
element_end
element_start,bh_caltrops_move_res_down_e,Effect
m_Chance,1,
buffs,bh_caltrops_move_res_down,
element_end
element_start,bh_caltrops_speed_down_e,Effect
m_Chance,1,
buffs,bh_caltrops_speed_down,
element_end
element_start,bh_class_combo_manager_e,Effect
m_Chance,1,
buffs,bh_class_combo_manager,
element_end
element_start,bh_end_combo_chance,Effect
m_Chance,0.5,
m_IsCombo,True,
m_TokenRemoveId,combo,
m_TokenRemoveAmount,1,
m_ShowValue,False,
element_end
element_start,bh_reprime_combo_chance,Effect
m_Chance,0.5,
m_TokenAddId,combo,
m_TokenAddAmount,1,
m_ShowValue,False,
all_conditions,skill_is_combo_skill,target_is_combo_primed_hidden,
element_end
element_start,bleed_duration_received_plus_1_combat_e,Effect
m_Chance,1,
buffs,bleed_duration_received_plus_1_combat,
element_end
element_start,bleed_duration_received_plus_1_e,Effect
m_Chance,1,
buffs,bleed_duration_received_plus_1,
element_end
element_start,bleed_tick_dealt_plus_1_e,Effect
m_Chance,1,
buffs,bleed_tick_dealt_plus_1,
element_end
element_start,bleed_tick_dealt_plus_1_permanent_e,Effect
m_Chance,1,
buffs,bleed_tick_dealt_plus_1_permanent,
element_end
element_start,bleed_tick_received_plus_1_e,Effect
m_Chance,1,
buffs,bleed_tick_received_plus_1,
element_end
element_start,blessing_bleed_dot_chc_effect,Effect
m_Chance,0.1,
m_DotAddId,very_small_bleed_dot,
m_DotAddAmount,1,
element_end
element_start,blessing_blight_dot_chc_effect,Effect
m_Chance,0.1,
m_DotAddId,very_small_blight_dot,
m_DotAddAmount,1,
element_end
element_start,blessing_burn_dot_chc_effect,Effect
m_Chance,0.1,
m_DotAddId,very_small_burn_dot,
m_DotAddAmount,1,
element_end
element_start,blessing_damage_debuff_e,Effect
m_Chance,1,
buffs,blessing_damage_debuff,
element_end
element_start,blessing_dot_debuff_e,Effect
m_Chance,1,
buffs,blessing_dot_debuff,
element_end
element_start,blessing_health_debuff_e,Effect
m_Chance,1,
buffs,blessing_health_debuff,
element_end
element_start,blind_shaman_ignite_self,Effect
m_Chance,1,
m_ChangeClassActorId,fanatic_blind_shaman_ignited,
m_AddTurn,1,
element_end
element_start,blind_shaman_ignited_bead_shotgun_burn,Effect
m_Chance,1,
m_DotAddId,small_burn_dot,
m_DotAddAmount,1,
element_end
element_start,blind_shaman_ignited_burning_beads_burn,Effect
m_Chance,1,
m_DotAddId,small_burn_dot,
m_DotAddAmount,1,
element_end
element_start,blind_shaman_ignited_riposte_blind,Effect
m_Chance,1,
m_TokenAddId,blind,
m_TokenAddAmount,1,
m_ShowValue,False,
element_end
element_start,boss_arms_passive_ability_effect01,Effect
m_Chance,1,
buffs,boss_arms_passive_ability_buff01,
element_end
element_start,boss_arms_passive_ability_effect02,Effect
m_Chance,1,
buffs,boss_arms_passive_ability_buff02,
element_end
element_start,brain_blessing_debuff_resist_effect,Effect
m_Chance,1,
buffs,brain_blessing_debuff_resist,
element_end
element_start,brain_blessing_move_resist_effect,Effect
m_Chance,1,
buffs,brain_blessing_move_resist,
element_end
element_start,brain_blessing_stun_resist_effect,Effect
m_Chance,1,
buffs,brain_blessing_stun_resist,
element_end
element_start,brass_tacks_stress_heal,Effect
m_Chance,1,
m_StressHeal,1,
all_conditions,performer_health_below_brass_tacks_threshold,
element_end
element_start,brasstacks_debuff_resist,Effect
m_Chance,1,
buffs,quirk_brasstacks_debuff_resist,
element_end
element_start,brittlebones_healthmax_debuff_container,Effect
m_Chance,1,
m_IgnoreResist,True,
buffs,brittle_bones_health_max_debuff,
element_end
element_start,butcher_carve_the_flesh_bleed,Effect
m_Chance,1,
m_DotAddId,large_bleed_dot,
m_DotAddAmount,1,
element_end
element_start,camping_skill_a_pound_of_flesh,Effect
m_Chance,1,
buffs,nextcamp_max_health_debuff_25,
element_end
element_start,camping_skill_clean_guns,Effect
m_Chance,1,
buffs,nextcamp_damage_20,
element_end
element_start,camping_skill_instruction_1,Effect
m_Chance,1,
buffs,nextcamp_speed_3,
element_end
element_start,camping_skill_instruction_2,Effect
m_Chance,1,
buffs,nextcamp_damage_20,
element_end
element_start,camping_skill_maintain_equipment,Effect
m_Chance,1,
buffs,camping_skill_maintain_equipment_buff,
element_end
element_start,camping_skill_practice_throws,Effect
m_Chance,1,
buffs,nextcamp_crit_10,
element_end
element_start,camping_skill_tactics,Effect
m_Chance,1,
buffs,camping_skill_tactics_buff,
element_end
element_start,camping_skill_the_fire_hungers,Effect
m_Chance,1,
buffs,nextcamp_max_health_debuff_25,
element_end
element_start,camping_skill_unparalleled_finesse,Effect
m_Chance,1,
buffs,nextcamp_crit_10,
element_end
element_start,carrion_eater_disease,Effect
m_Chance,0.05,
m_QuirkAddTag,carrion_eater,
m_QuirkAddAmount,1,
m_QuirkAddAmountRange,0,
element_end
element_start,carrion_eater_evolve_self,Effect
m_Chance,1,
m_ChangeClassActorId,shared_carrion_eater_mutated,
m_AddTurn,0,
element_end
element_start,cave_scrounger_effect_loot,Effect
m_Chance,1,
m_LootIds,CAVE_SCROUNGER_BANTER_LOOT,
m_LootReasonId,cave_scrounger_banter,
element_end
element_start,city_scrounger_effect_loot,Effect
m_Chance,1,
m_LootIds,CITY_SCROUNGER_BANTER_LOOT,
m_LootReasonId,city_scrounger_banter,
element_end
element_start,clear_corpse,Effect
m_Chance,1,
m_IsKill,True,
m_IsKillDeathClassValid,True,
all_conditions,target_is_corpse,target_is_not_prop,
element_end
element_start,clear_corpse_hidden,Effect
m_Chance,1,
m_IgnoreResist,True,
m_IsKill,True,
m_IsKillDeathClassValid,True,
all_conditions,target_is_corpse,
m_IsVisible,False,
element_end
element_start,clear_lung_inflate,Effect
m_Chance,1,
m_TokenRemoveId,lung_inflate,
m_TokenRemoveAmount,99,
m_ShowValue,False,
element_end
element_start,clear_skill_cooldowns,Effect
m_Chance,1,
m_ClearSkillCooldowns,True,
element_end
element_start,clear_skill_cooldowns_if_2_endboss,Effect
m_Chance,1,
m_ClearSkillCooldowns,True,
all_conditions,monsters_2_endboss_or_less,
element_end
element_start,coastal_disease_50pct,Effect
m_Chance,0.5,
m_QuirkAddTag,disease_general,
m_QuirkAddAmount,1,
m_QuirkAddAmountRange,0,
element_end
element_start,combo_add_1_block,Effect
m_Chance,1,
m_TokenAddId,block,
m_TokenAddAmount,1,
m_ShowValue,False,
all_conditions,target_is_combo_primed,
element_end
element_start,combo_add_1_daze,Effect
m_Chance,1,
m_TokenAddId,daze,
m_TokenAddAmount,1,
m_ShowValue,False,
all_conditions,target_is_combo_primed,
element_end
element_start,combo_add_1_riposte,Effect
m_Chance,1,
m_TokenAddId,riposte,
m_TokenAddAmount,1,
m_ShowValue,False,
all_conditions,target_is_combo_primed,
element_end
element_start,combo_add_1_stealth,Effect
m_Chance,1,
m_TokenAddId,stealth,
m_TokenAddAmount,1,
m_ShowValue,False,
all_conditions,target_is_combo_primed,
element_end
element_start,combo_add_1_stun,Effect
m_Chance,1,
m_TokenAddId,stun,
m_TokenAddAmount,1,
m_ShowValue,False,
all_conditions,target_is_combo_primed,
element_end
element_start,combo_add_1_stun_hidden,Effect
m_Chance,1,
m_TokenAddId,stun,
m_TokenAddAmount,1,
m_ShowValue,False,
all_conditions,target_is_combo_primed,
m_IsVisible,False,
element_end
element_start,combo_add_1_taunt,Effect
m_Chance,1,
m_IgnoreResist,True,
m_TokenAddId,taunt,
m_TokenAddAmount,1,
m_ShowValue,False,
all_conditions,target_is_combo_primed,
element_end
element_start,combo_add_1_unchecked_power,Effect
m_Chance,1,
m_TokenAddId,unchecked_power,
m_TokenAddAmount,1,
m_ShowValue,False,
all_conditions,target_is_combo_primed,
element_end
element_start,combo_add_1_vulnerable,Effect
m_Chance,1,
m_TokenAddId,vulnerable,
m_TokenAddAmount,1,
m_ShowValue,False,
all_conditions,target_is_combo_primed,
element_end
element_start,combo_add_1_weak,Effect
m_Chance,1,
m_TokenAddId,weak,
m_TokenAddAmount,1,
m_ShowValue,False,
all_conditions,target_is_combo_primed,
element_end
element_start,combo_add_1_worship,Effect
m_Chance,1,
m_TokenAddId,worship,
m_TokenAddAmount,1,
m_ShowValue,False,
all_conditions,target_is_combo_primed,
element_end
element_start,combo_damage_torch,Effect
m_Chance,1,
torch,-20,
all_conditions,target_is_combo_primed,
element_end
element_start,combo_dot_large_burn,Effect
m_Chance,1,
m_DotAddId,skill_large_burn_dot,
m_DotAddAmount,1,
all_conditions,target_is_combo_primed,
element_end
element_start,combo_dot_massive_burn,Effect
m_Chance,1,
m_DotAddId,skill_massive_burn_dot,
m_DotAddAmount,1,
all_conditions,target_is_combo_primed,
element_end
element_start,combo_heal_block_100pct,Effect
m_Chance,1,
m_IgnoreResist,True,
buffs,heal_received_minus_100pct,
all_conditions,target_is_combo_primed,
element_end
element_start,combo_heal_block_75pct,Effect
m_Chance,1,
m_IgnoreResist,True,
buffs,heal_received_minus_75pct,
all_conditions,target_is_combo_primed,
element_end
element_start,combo_if_immolatist_champ_present,Effect
m_Chance,1,
m_TokenAddId,combo,
m_TokenAddAmount,1,
m_ShowValue,False,
all_conditions,enemy_party_has_immolatist_b,hero_party_has_no_combo,
element_end
element_start,combo_if_livestock_champ_present,Effect
m_Chance,1,
m_TokenAddId,combo,
m_TokenAddAmount,1,
m_ShowValue,False,
all_conditions,enemy_party_has_livestock_b,
element_end
element_start,combo_maa_heal,Effect
m_Chance,1,
m_HealthHealPercent,0.1,
m_CritChance,0.05,
m_CritMultiplier,0.5,
all_conditions,target_is_combo_primed,
element_end
element_start,combo_maa_heal_u,Effect
m_Chance,1,
m_HealthHealPercent,0.2,
m_CritChance,0.05,
m_CritMultiplier,0.5,
all_conditions,target_is_combo_primed,
element_end
element_start,combo_remove_1_blind_hidden,Effect
m_Chance,1,
m_TokenRemoveId,blind,
m_TokenRemoveAmount,1,
m_ShowValue,False,
all_conditions,target_is_combo_primed,
m_IsVisible,False,
element_end
element_start,combo_shambler_tentacle_heal,Effect
m_Chance,1,
m_HealthHealPercent,0.25,
m_CritChance,0.1,
m_CritMultiplier,2,
all_conditions,target_is_combo_primed,
element_end
element_start,combo_shuffle_target,Effect
m_Chance,1,
m_Shuffle,True,
all_conditions,target_is_combo_primed,
element_end
element_start,combo_skill_dot_large_bleed,Effect
m_Chance,1,
m_DotAddId,skill_large_bleed_dot,
m_DotAddAmount,1,
all_conditions,target_is_combo_primed,
element_end
element_start,combo_skill_dot_massive_bleed,Effect
m_Chance,1,
m_DotAddId,skill_massive_bleed_dot,
m_DotAddAmount,1,
all_conditions,target_is_combo_primed,
element_end
element_start,combo_stress_damage_1,Effect
m_Chance,1,
m_StressDamage,1,
all_conditions,target_is_combo_primed,
element_end
element_start,combo_stress_damage_3,Effect
m_Chance,1,
m_StressDamage,2,
all_conditions,target_is_combo_primed,
element_end
element_start,convert_1_blind_to_1_strength_66pct,Effect
m_Chance,0.66,
m_Priority,-10,
m_TokenConvertFromTokenIds,blind,
m_TokenConvertToId,strength,
m_TokenConvertAmount,1,
all_conditions,performer_has_1_blind_token_hidden,
element_end
element_start,convert_1_block_to_1_block_plus,Effect
m_Chance,1,
m_Priority,-10,
m_TokenConvertFromTokenIds,block,
m_TokenConvertToId,block_plus,
m_TokenConvertAmount,1,
all_conditions,performer_has_1_block_hidden,
element_end
element_start,convert_1_block_to_strength_curio_item,Effect
m_Chance,1,
m_Priority,-10,
m_TokenConvertFromTokenIds,block,
m_TokenConvertToId,strength,
m_TokenConvertAmount,1,
element_end
element_start,convert_1_crit_to_dodge_curio_item,Effect
m_Chance,1,
m_Priority,-10,
m_TokenConvertFromTokenIds,crit,
m_TokenConvertToId,dodge,
m_TokenConvertAmount,1,
element_end
element_start,convert_1_dodge_to_1_dodge_plus,Effect
m_Chance,1,
m_Priority,-10,
m_TokenConvertFromTokenIds,dodge,
m_TokenConvertToId,dodge_plus,
m_TokenConvertAmount,1,
all_conditions,performer_has_1_dodge_hidden,
element_end
element_start,convert_1_dodge_to_crit_curio_item,Effect
m_Chance,1,
m_Priority,-10,
m_TokenConvertFromTokenIds,dodge,
m_TokenConvertToId,crit,
m_TokenConvertAmount,1,
element_end
element_start,convert_1_stealth_to_1_crit_80pct,Effect
m_Chance,0.8,
m_Priority,-10,
m_TokenConvertFromTokenIds,stealth,
m_TokenConvertToId,crit,
m_TokenConvertAmount,1,
all_conditions,performer_has_1_stealth_hidden,
element_end
element_start,convert_1_strength_to_block_curio_item,Effect
m_Chance,1,
m_Priority,-10,
m_TokenConvertFromTokenIds,strength,
m_TokenConvertToId,block,
m_TokenConvertAmount,1,
element_end
element_start,convert_1_vulnerable_to_1_block,Effect
m_Chance,1,
m_Priority,-10,
m_TokenConvertFromTokenIds,vulnerable,
m_TokenConvertToId,block,
m_TokenConvertAmount,1,
all_conditions,performer_has_1_vulnerable_hidden,
element_end
element_start,convert_1_vulnerable_to_1_unchecked_power,Effect
m_Chance,1,
m_Priority,-10,
m_TokenConvertFromTokenIds,vulnerable,
m_TokenConvertToId,unchecked_power,
m_TokenConvertAmount,1,
all_conditions,performer_has_1_vulnerable_hidden,
element_end
element_start,convert_1_weak_to_1_strength,Effect
m_Chance,1,
m_Priority,-10,
m_TokenConvertFromTokenIds,weak,
m_TokenConvertToId,strength,
m_TokenConvertAmount,1,
all_conditions,performer_has_1_weak_hidden,
element_end
element_start,convert_2_blind_to_2_strength_66pct_hidden,Effect
m_Chance,1,
m_Priority,-10,
m_TokenConvertFromTokenIds,blind,
m_TokenConvertToId,strength,
m_TokenConvertAmount,2,
all_conditions,performer_has_2_blind_token_hidden,
m_IsVisible,False,
element_end
element_start,convert_2_block_to_2_block_plus_hidden,Effect
m_Chance,1,
m_Priority,-10,
m_TokenConvertFromTokenIds,block,
m_TokenConvertToId,block_plus,
m_TokenConvertAmount,2,
all_conditions,performer_has_2_block_hidden,
m_IsVisible,False,
element_end
element_start,convert_2_dodge_to_2_dodge_plus_hidden,Effect
m_Chance,1,
m_Priority,-10,
m_TokenConvertFromTokenIds,dodge,
m_TokenConvertToId,dodge_plus,
m_TokenConvertAmount,2,
all_conditions,performer_has_2_dodge_hidden,
m_IsVisible,False,
element_end
element_start,convert_2_stealth_to_2_crit_80pct_hidden,Effect
m_Chance,0.8,
m_Priority,-10,
m_TokenConvertFromTokenIds,stealth,
m_TokenConvertToId,crit,
m_TokenConvertAmount,2,
all_conditions,performer_has_2_stealth_hidden,
m_IsVisible,False,
element_end
element_start,convert_2_vulnerable_to_2_block_hidden,Effect
m_Chance,1,
m_Priority,-10,
m_TokenConvertFromTokenIds,vulnerable,
m_TokenConvertToId,block,
m_TokenConvertAmount,2,
all_conditions,performer_has_2_vulnerable_hidden,
m_IsVisible,False,
element_end
element_start,convert_2_vulnerable_to_2_unchecked_power_hidden,Effect
m_Chance,1,
m_Priority,-10,
m_TokenConvertFromTokenIds,vulnerable,
m_TokenConvertToId,unchecked_power,
m_TokenConvertAmount,2,
all_conditions,performer_has_2_vulnerable_hidden,
m_IsVisible,False,
element_end
element_start,convert_2_weak_to_2_strength_hidden,Effect
m_Chance,1,
m_Priority,-10,
m_TokenConvertFromTokenIds,weak,
m_TokenConvertToId,strength,
m_TokenConvertAmount,2,
all_conditions,performer_has_2_weak_hidden,
m_IsVisible,False,
element_end
element_start,convert_3_block_to_3_block_plus_hidden,Effect
m_Chance,1,
m_Priority,-10,
m_TokenConvertFromTokenIds,block,
m_TokenConvertToId,block_plus,
m_TokenConvertAmount,3,
all_conditions,performer_has_3_block_hidden,
m_IsVisible,False,
element_end
element_start,convert_3_dodge_to_3_dodge_plus_hidden,Effect
m_Chance,1,
m_Priority,-10,
m_TokenConvertFromTokenIds,dodge,
m_TokenConvertToId,dodge_plus,
m_TokenConvertAmount,3,
all_conditions,performer_has_3_dodge_hidden,
m_IsVisible,False,
element_end
element_start,convert_all_blind_to_dodge,Effect
m_Chance,1,
m_Priority,-10,
m_TokenConvertFromTokenIds,blind,
m_TokenConvertToId,dodge,
m_TokenConvertAmount,99,
element_end
element_start,convert_all_vulnerable_to_block,Effect
m_Chance,1,
m_Priority,-10,
m_TokenConvertFromTokenIds,vulnerable,
m_TokenConvertToId,block,
m_TokenConvertAmount,99,
element_end
element_start,convert_all_weak_to_strength,Effect
m_Chance,1,
m_Priority,-10,
m_TokenConvertFromTokenIds,weak,
m_TokenConvertToId,strength,
m_TokenConvertAmount,99,
element_end
element_start,convert_block_plus_to_strength,Effect
m_Chance,1,
m_Priority,-10,
m_TokenConvertFromTokenIds,block_plus,
m_TokenConvertToId,strength,
m_TokenConvertAmount,1,
element_end
element_start,convert_block_plus_to_strength_curio_item,Effect
m_Chance,1,
m_Priority,-10,
m_TokenConvertFromTokenIds,block_plus,
m_TokenConvertToId,strength,
m_TokenConvertAmount,99,
m_IsVisible,False,
element_end
element_start,convert_block_plus_to_strength_hidden,Effect
m_Chance,1,
m_Priority,-10,
m_TokenConvertFromTokenIds,block_plus,
m_TokenConvertToId,strength,
m_TokenConvertAmount,99,
m_IsVisible,False,
element_end
element_start,convert_block_to_block_plus,Effect
m_Chance,1,
m_Priority,-10,
m_TokenConvertFromTokenIds,block,
m_TokenConvertToId,block_plus,
m_TokenConvertAmount,1,
all_conditions,performer_has_block,
element_end
element_start,convert_block_to_strength_curio_item,Effect
m_Chance,1,
m_Priority,-10,
m_TokenConvertFromTokenIds,block,
m_TokenConvertToId,strength,
m_TokenConvertAmount,99,
m_IsVisible,False,
element_end
element_start,convert_crit_to_dodge_curio_item,Effect
m_Chance,1,
m_Priority,-10,
m_TokenConvertFromTokenIds,crit,
m_TokenConvertToId,dodge,
m_TokenConvertAmount,99,
m_IsVisible,False,
element_end
element_start,convert_dodge_plus_to_crit_curio_item,Effect
m_Chance,1,
m_Priority,-10,
m_TokenConvertFromTokenIds,dodge_plus,
m_TokenConvertToId,crit,
m_TokenConvertAmount,99,
m_IsVisible,False,
element_end
element_start,convert_dodge_plus_to_crit_hidden,Effect
m_Chance,1,
m_Priority,-10,
m_TokenConvertFromTokenIds,dodge_plus,
m_TokenConvertToId,crit,
m_TokenConvertAmount,99,
m_IsVisible,False,
element_end
element_start,convert_dodge_to_crit,Effect
m_Chance,1,
m_Priority,-10,
m_TokenConvertFromTokenIds,dodge,
m_TokenConvertToId,crit,
m_TokenConvertAmount,1,
element_end
element_start,convert_dodge_to_crit_curio_item,Effect
m_Chance,1,
m_Priority,-10,
m_TokenConvertFromTokenIds,dodge,
m_TokenConvertToId,crit,
m_TokenConvertAmount,99,
m_IsVisible,False,
element_end
element_start,convert_dodge_to_crit_hidden,Effect
m_Chance,1,
m_Priority,-10,
m_TokenConvertFromTokenIds,dodge,
m_TokenConvertToId,crit,
m_TokenConvertAmount,99,
m_IsVisible,False,
element_end
element_start,convert_speed_to_daze_20pct,Effect
m_Chance,0.2,
m_Priority,-10,
m_TokenConvertFromTokenIds,speed,
m_TokenConvertToId,daze,
m_TokenConvertAmount,1,
all_conditions,performer_has_speed_token_hidden,
element_end
element_start,convert_strength_to_block_curio_item,Effect
m_Chance,1,
m_Priority,-10,
m_TokenConvertFromTokenIds,strength,
m_TokenConvertToId,block,
m_TokenConvertAmount,99,
m_IsVisible,False,
element_end
element_start,copy_1_neg_tokens_caked_palette,Effect
m_Chance,0.2,
m_TokenCopyTags,negative,
m_TokenCopyAmount,1,
element_end
element_start,copy_1_pos_tokens_caked_palette,Effect
m_Chance,0.8,
m_TokenCopyTags,pos_copy_steal,
m_TokenCopyAmount,1,
element_end
element_start,copy_all_pos_copy_steal_tag_tokens,Effect
m_Chance,1,
m_TokenCopyTags,pos_copy_steal,
m_TokenCopyAmount,99,
element_end
element_start,coral_armor_counter_bleed_buff_e,Effect
m_Chance,1,
buffs,coral_armor_counter_bleed_buff,
element_end
element_start,coral_grief_remove_coral_armor,Effect
m_Chance,1,
m_BuffRemoveAllTags,coral,
element_end
element_start,coughing_fit_bark_10pct,Effect
m_Chance,0.1,
m_IgnoreResist,True,
m_BarkId,bark_disease_coughing_fit,
m_IsVisible,False,
element_end
element_start,count_minus_1,Effect
m_Chance,1,
m_TokenRemoveId,count,
m_TokenRemoveAmount,1,
m_ShowValue,False,
m_IsVisible,False,
element_end
element_start,count_plus_1,Effect
m_Chance,1,
m_TokenAddId,count,
m_TokenAddAmount,1,
m_ShowValue,False,
m_IsVisible,False,
element_end
element_start,count_plus_2,Effect
m_Chance,1,
m_TokenAddId,count,
m_TokenAddAmount,2,
m_ShowValue,True,
m_IsVisible,False,
element_end
element_start,count_plus_4,Effect
m_Chance,1,
m_TokenAddId,count,
m_TokenAddAmount,4,
m_ShowValue,True,
element_end
element_start,cultist_cardinal_bonus_resist_e,Effect
m_Chance,1,
buffs,cultist_cardinal_bonus_resist,
all_conditions,enemy_party_contains_cardinal,run_boss_is_not_brain,run_boss_is_not_lungs,
element_end
element_start,cultist_cardinal_bonus_resist_listener_e,Effect
m_Chance,1,
buffs,cultist_cardinal_bonus_resist_listener,
element_end
element_start,cultist_cardinal_bonus_resist_remover_e,Effect
m_Chance,1,
buffs,cultist_cardinal_bonus_resist_remover,
element_end
element_start,deacon_the_flesh_warps_grant_melee_buff_e,Effect
m_Chance,1,
buffs,deacon_the_flesh_warps_melee_buff,
all_conditions,deacon_has_no_melee_resistance,
element_end
element_start,deacon_the_flesh_warps_grant_ranged_buff_e,Effect
m_Chance,1,
buffs,deacon_the_flesh_warps_ranged_buff,
all_conditions,deacon_has_melee_resistance,
element_end
element_start,deacon_the_flesh_warps_manager_e,Effect
m_Chance,1,
buffs,deacon_the_flesh_warps_manager,
element_end
element_start,deacon_the_flesh_warps_ranged_buff_start_e,Effect
m_Chance,1,
buffs,deacon_the_flesh_warps_ranged_buff,
element_end
element_start,death_combo_listener_e,Effect
m_Chance,1,
buffs,death_combo_listener,
element_end
element_start,death_combo_transfer_dots,Effect
m_Chance,1,
m_DotStealTags,dmgdot,
m_DotStealAmount,99,
all_conditions,target_is_combo_primed,skill_is_combo_soul_reaver,
element_end
element_start,death_low_health_dmg_buff_lvl1,Effect
m_Chance,1,
buffs,death_low_health_dmg_buff,
all_conditions,performer_health_under_75pct,performer_has_4_count,
element_end
element_start,death_low_health_dmg_buff_lvl2,Effect
m_Chance,1,
buffs,death_low_health_dmg_buff,
all_conditions,performer_health_under_50pct,performer_has_3_plus_count,
element_end
element_start,death_low_health_dmg_buff_lvl3,Effect
m_Chance,1,
buffs,death_low_health_dmg_buff,
all_conditions,performer_health_under_25pct,performer_has_2_plus_count,
element_end
element_start,death_low_health_dmg_buff_lvl4,Effect
m_Chance,1,
buffs,death_low_health_dmg_buff,
all_conditions,performer_on_deaths_door,performer_has_1_plus_count,
element_end
element_start,death_memento_mori_debuff_e,Effect
m_Chance,1,
m_IgnoreResist,True,
buffs,death_memento_mori_debuff,
element_end
element_start,death_reduce_count_lvl1,Effect
m_Chance,1,
m_TokenRemoveId,count,
m_TokenRemoveAmount,1,
m_ShowValue,False,
all_conditions,performer_health_under_75pct,performer_has_4_count,
element_end
element_start,death_reduce_count_lvl2,Effect
m_Chance,1,
m_TokenRemoveId,count,
m_TokenRemoveAmount,1,
m_ShowValue,False,
all_conditions,performer_health_under_50pct,performer_has_3_plus_count,
element_end
element_start,death_reduce_count_lvl3,Effect
m_Chance,1,
m_TokenRemoveId,count,
m_TokenRemoveAmount,1,
m_ShowValue,False,
all_conditions,performer_health_under_25pct,performer_has_2_plus_count,
element_end
element_start,death_reduce_count_lvl4,Effect
m_Chance,1,
m_TokenRemoveId,count,
m_TokenRemoveAmount,1,
m_ShowValue,False,
all_conditions,performer_on_deaths_door,performer_has_1_plus_count,
element_end
element_start,deathblow_chance_shaping_e,Effect
m_Chance,1,
m_IgnoreResist,True,
buffs,deathblow_chance_shaping,
element_end
element_start,deathblow_chance_shaping_heroes_e,Effect
m_Chance,1,
m_IgnoreResist,True,
buffs,deathblow_chance_shaping_heroes,
element_end
element_start,deaths_door_add_1_block_plus,Effect
m_Chance,1,
m_TokenAddId,block_plus,
m_TokenAddAmount,1,
m_ShowValue,False,
all_conditions,performer_on_deaths_door,
element_end
element_start,debuff_move_resist_10pct_e,Effect
m_Chance,1,
buffs,debuff_move_resist_10pct,
element_end
element_start,debuff_resist_50pct_container,Effect
m_Chance,1,
buffs,add_debuff_resist_50pct_story,
element_end
element_start,debuff_resist_50pct_e,Effect
m_Chance,1,
buffs,debuff_resist_50pct,
element_end
element_start,destroy_1_positive_token,Effect
m_Chance,1,
m_TokenRemoveTag,positive,
m_TokenRemoveAmount,1,
element_end
element_start,destroy_1_positive_token_30_pct,Effect
m_Chance,0.3,
m_TokenRemoveTag,positive,
m_TokenRemoveAmount,1,
element_end
element_start,destroy_2_positive_token,Effect
m_Chance,1,
m_TokenRemoveTag,positive,
m_TokenRemoveAmount,2,
element_end
element_start,destroy_3_positive_token,Effect
m_Chance,1,
m_TokenRemoveTag,positive,
m_TokenRemoveAmount,3,
element_end
element_start,destroy_all_negative_tokens,Effect
m_Chance,1,
m_TokenRemoveTag,negative,
m_TokenRemoveAmount,99,
element_end
element_start,destroy_all_negative_tokens_hidden,Effect
m_Chance,1,
m_TokenRemoveTag,negative,
m_TokenRemoveAmount,99,
m_IsVisible,False,
element_end
element_start,destroy_all_neutral_tokens,Effect
m_Chance,1,
m_TokenRemoveTag,neutral,
m_TokenRemoveAmount,99,
element_end
element_start,destroy_all_positive_tokens,Effect
m_Chance,1,
m_TokenRemoveTag,positive,
m_TokenRemoveAmount,99,
element_end
element_start,destroy_all_positive_tokens_arms_boss,Effect
m_Chance,1,
m_TokenRemoveTag,positive,
m_TokenRemoveAmount,99,
all_conditions,target_is_combo_primed,
m_IsVisible,False,
element_end
element_start,destroy_all_positive_tokens_hidden,Effect
m_Chance,1,
m_TokenRemoveTag,positive,
m_TokenRemoveAmount,99,
m_IsVisible,False,
element_end
element_start,dinner_cart_barf_summon_corpse,Effect
m_Chance,1,
m_SummonClassActorId,plague_eater_corpse,
m_SummonLocationType,FRONT,
m_SummonIfRoom,True,
element_end
element_start,disease_coughing_stun_5pct,Effect
m_Chance,0.05,
m_IgnoreResist,True,
m_TokenAddId,stun,
m_TokenAddAmount,1,
m_ShowValue,False,
element_end
element_start,disease_dysentery_max_health_container,Effect
m_Chance,1,
m_IgnoreResist,True,
buffs,disease_dysentery_max_health_fx,
element_end
element_start,dot_horror_large,Effect
m_Chance,1,
m_DotAddId,horror_dot_large,
m_DotAddAmount,1,
element_end
element_start,dot_horror_medium,Effect
m_Chance,1,
m_DotAddId,horror_dot_medium,
m_DotAddAmount,1,
element_end
element_start,dot_horror_small,Effect
m_Chance,1,
m_DotAddId,horror_dot_small,
m_DotAddAmount,1,
element_end
element_start,dot_horror_small_10_pct,Effect
m_Chance,0.1,
m_IgnoreResist,True,
m_DotAddId,horror_dot_small,
m_DotAddAmount,1,
element_end
element_start,dot_large_bleed,Effect
m_Chance,1,
m_DotAddId,large_bleed_dot,
m_DotAddAmount,1,
element_end
element_start,dot_large_bleed_nr,Effect
m_Chance,1,
m_IgnoreResist,True,
m_DotAddId,large_bleed_dot,
m_DotAddAmount,1,
element_end
element_start,dot_large_blight,Effect
m_Chance,1,
m_DotAddId,large_blight_dot,
m_DotAddAmount,1,
element_end
element_start,dot_large_blight_nr,Effect
m_Chance,1,
m_IgnoreResist,True,
m_DotAddId,large_blight_dot,
m_DotAddAmount,1,
element_end
element_start,dot_large_burn,Effect
m_Chance,1,
m_DotAddId,large_burn_dot,
m_DotAddAmount,1,
element_end
element_start,dot_large_burn_nr,Effect
m_Chance,1,
m_IgnoreResist,True,
m_DotAddId,large_burn_dot,
m_DotAddAmount,1,
element_end
element_start,dot_massive_bleed,Effect
m_Chance,1,
m_DotAddId,massive_bleed_dot,
m_DotAddAmount,1,
element_end
element_start,dot_massive_bleed_nr,Effect
m_Chance,1,
m_IgnoreResist,True,
m_DotAddId,massive_bleed_dot,
m_DotAddAmount,1,
element_end
element_start,dot_massive_blight,Effect
m_Chance,1,
m_DotAddId,massive_blight_dot,
m_DotAddAmount,1,
element_end
element_start,dot_massive_blight_nr,Effect
m_Chance,1,
m_IgnoreResist,True,
m_DotAddId,massive_blight_dot,
m_DotAddAmount,1,
element_end
element_start,dot_massive_burn,Effect
m_Chance,1,
m_DotAddId,massive_burn_dot,
m_DotAddAmount,1,
element_end
element_start,dot_massive_burn_nr,Effect
m_Chance,1,
m_IgnoreResist,True,
m_DotAddId,massive_burn_dot,
m_DotAddAmount,1,
element_end
element_start,dot_medium_bleed,Effect
m_Chance,1,
m_DotAddId,medium_bleed_dot,
m_DotAddAmount,1,
element_end
element_start,dot_medium_bleed_33pct,Effect
m_Chance,0.33,
m_DotAddId,medium_bleed_dot,
m_DotAddAmount,1,
element_end
element_start,dot_medium_bleed_66pct,Effect
m_Chance,0.66,
m_DotAddId,medium_bleed_dot,
m_DotAddAmount,1,
element_end
element_start,dot_medium_bleed_nr,Effect
m_Chance,1,
m_IgnoreResist,True,
m_DotAddId,medium_bleed_dot,
m_DotAddAmount,1,
element_end
element_start,dot_medium_blight,Effect
m_Chance,1,
m_DotAddId,medium_blight_dot,
m_DotAddAmount,1,
element_end
element_start,dot_medium_blight_66pct,Effect
m_Chance,0.66,
m_DotAddId,medium_blight_dot,
m_DotAddAmount,1,
element_end
element_start,dot_medium_blight_nr,Effect
m_Chance,1,
m_IgnoreResist,True,
m_DotAddId,medium_blight_dot,
m_DotAddAmount,1,
element_end
element_start,dot_medium_burn,Effect
m_Chance,1,
m_DotAddId,medium_burn_dot,
m_DotAddAmount,1,
element_end
element_start,dot_medium_burn_66pct,Effect
m_Chance,0.66,
m_DotAddId,medium_burn_dot,
m_DotAddAmount,1,
element_end
element_start,dot_medium_burn_nr,Effect
m_Chance,1,
m_IgnoreResist,True,
m_DotAddId,medium_burn_dot,
m_DotAddAmount,1,
element_end
element_start,dot_small_bleed,Effect
m_Chance,1,
m_DotAddId,small_bleed_dot,
m_DotAddAmount,1,
element_end
element_start,dot_small_bleed_15pct,Effect
m_Chance,0.15,
m_DotAddId,small_bleed_dot,
m_DotAddAmount,1,
element_end
element_start,dot_small_bleed_66pct,Effect
m_Chance,0.66,
m_DotAddId,small_bleed_dot,
m_DotAddAmount,1,
element_end
element_start,dot_small_bleed_nr,Effect
m_Chance,1,
m_IgnoreResist,True,
m_DotAddId,small_bleed_dot,
m_DotAddAmount,1,
element_end
element_start,dot_small_blight,Effect
m_Chance,1,
m_DotAddId,small_blight_dot,
m_DotAddAmount,1,
element_end
element_start,dot_small_blight_15pct,Effect
m_Chance,0.15,
m_DotAddId,small_blight_dot,
m_DotAddAmount,1,
element_end
element_start,dot_small_blight_nr,Effect
m_Chance,1,
m_IgnoreResist,True,
m_DotAddId,small_blight_dot,
m_DotAddAmount,1,
element_end
element_start,dot_small_blight_nr_15pct,Effect
m_Chance,0.15,
m_IgnoreResist,True,
m_DotAddId,small_blight_dot,
m_DotAddAmount,1,
element_end
element_start,dot_small_burn,Effect
m_Chance,1,
m_DotAddId,small_burn_dot,
m_DotAddAmount,1,
element_end
element_start,dot_small_burn_15pct,Effect
m_Chance,0.15,
m_DotAddId,small_burn_dot,
m_DotAddAmount,1,
element_end
element_start,dot_small_burn_5pct,Effect
m_Chance,0.05,
m_DotAddId,small_burn_dot,
m_DotAddAmount,1,
element_end
element_start,dot_small_burn_nr,Effect
m_Chance,1,
m_IgnoreResist,True,
m_DotAddId,small_burn_dot,
m_DotAddAmount,1,
element_end
element_start,dot_small_burn_nr_5pct,Effect
m_Chance,0.05,
m_IgnoreResist,True,
m_DotAddId,small_burn_dot,
m_DotAddAmount,1,
element_end
element_start,dot_taproot_damage,Effect
m_Chance,1,
m_IgnoreResist,True,
m_DotAddId,taproot_damage,
m_DotAddAmount,1,
m_IsLockedTeamPosition,True,
element_end
element_start,dot_very_large_bleed,Effect
m_Chance,1,
m_DotAddId,very_large_bleed_dot,
m_DotAddAmount,1,
element_end
element_start,dot_very_large_bleed_nr,Effect
m_Chance,1,
m_IgnoreResist,True,
m_DotAddId,very_large_bleed_dot,
m_DotAddAmount,1,
element_end
element_start,dot_very_large_blight,Effect
m_Chance,1,
m_DotAddId,very_large_blight_dot,
m_DotAddAmount,1,
element_end
element_start,dot_very_large_blight_nr,Effect
m_Chance,1,
m_IgnoreResist,True,
m_DotAddId,very_large_blight_dot,
m_DotAddAmount,1,
element_end
element_start,dot_very_large_burn,Effect
m_Chance,1,
m_DotAddId,very_large_burn_dot,
m_DotAddAmount,1,
element_end
element_start,dot_very_large_burn_nr,Effect
m_Chance,1,
m_IgnoreResist,True,
m_DotAddId,very_large_burn_dot,
m_DotAddAmount,1,
element_end
element_start,dot_very_small_bleed,Effect
m_Chance,1,
m_DotAddId,very_small_bleed_dot,
m_DotAddAmount,1,
element_end
element_start,dot_very_small_bleed_uncommon_seashell,Effect
m_Chance,0.15,
m_DotAddId,very_small_bleed_dot,
m_DotAddAmount,1,
element_end
element_start,dot_very_small_bleed_33pct,Effect
m_Chance,0.33,
m_DotAddId,very_small_bleed_dot,
m_DotAddAmount,1,
element_end
element_start,dot_very_small_bleed_66pct,Effect
m_Chance,0.66,
m_DotAddId,very_small_bleed_dot,
m_DotAddAmount,1,
element_end
element_start,dot_very_small_bleed_hidden_nr,Effect
m_Chance,1,
m_IgnoreResist,True,
m_DotAddId,very_small_bleed_dot,
m_DotAddAmount,1,
m_IsVisible,False,
element_end
element_start,dot_very_small_bleed_nr,Effect
m_Chance,1,
m_IgnoreResist,True,
m_DotAddId,very_small_bleed_dot,
m_DotAddAmount,1,
element_end
element_start,dot_very_small_blight,Effect
m_Chance,1,
m_DotAddId,very_small_blight_dot,
m_DotAddAmount,1,
element_end
element_start,dot_very_small_blight_nr,Effect
m_Chance,1,
m_IgnoreResist,True,
m_DotAddId,very_small_blight_dot,
m_DotAddAmount,1,
element_end
element_start,dot_very_small_burn,Effect
m_Chance,1,
m_DotAddId,very_small_burn_dot,
m_DotAddAmount,1,
element_end
element_start,dot_very_small_burn_33pct_2_plus_unchecked_power,Effect
m_Chance,0.33,
m_DotAddId,very_small_burn_dot,
m_DotAddAmount,1,
all_conditions,performer_has_2_plus_unchecked_power,
element_end
element_start,dot_very_small_burn_nr,Effect
m_Chance,1,
m_IgnoreResist,True,
m_DotAddId,very_small_burn_dot,
m_DotAddAmount,1,
element_end
element_start,dreaming_general_nightmare_failsafe_e,Effect
m_Chance,1,
buffs,dreaming_general_nightmare_failsafe,
element_end
element_start,drummer_enable_order_logic_if_valid_targets,Effect
m_Chance,1,
m_TokenAddId,logic_temporary,
m_TokenAddAmount,1,
m_ShowValue,False,
all_conditions,enemy_party_contains_order_targets,
element_end
element_start,drummer_extra_action,Effect
m_Chance,1,
m_AddTurn,1,
all_conditions,enemy_party_contains_order_targets,
element_end
element_start,drummer_extra_action_manager_e,Effect
m_Chance,1,
buffs,drummer_extra_action_manager,
element_end
element_start,drummer_marching_orders,Effect
m_Chance,1,
buffs,drummer_marching_orders_buff,
element_end
element_start,drummer_order_defend_us_buff,Effect
m_Chance,1,
buffs,foot_soldier_order_db_resist_buff,
element_end
element_start,drummer_order_logic_manager_e,Effect
m_Chance,1,
buffs,drummer_order_logic_manager,
element_end
element_start,drummer_reduce_action_count_e,Effect
m_Chance,1,
m_IgnoreResist,True,
buffs,drummer_reduce_action_count,
all_conditions,enemy_party_contains_no_order_targets,
element_end
element_start,end_combo,Effect
m_Chance,1,
m_IsCombo,True,
m_TokenRemoveId,combo,
m_TokenRemoveAmount,1,
m_ShowValue,False,
m_IsVisible,False,
element_end
element_start,end_combo_if_blind,Effect
m_Chance,1,
m_IsCombo,True,
m_TokenRemoveId,combo,
m_TokenRemoveAmount,1,
m_ShowValue,False,
all_conditions,performer_has_blind_token,
m_IsVisible,False,
element_end
element_start,end_combo_occ_hs,Effect
m_Chance,1,
m_IsCombo,True,
m_TokenRemoveId,combo,
m_TokenRemoveAmount,1,
m_ShowValue,False,
element_end
element_start,equipped_fishermans_net_stun_15pct,Effect
m_Chance,0.15,
m_TokenAddId,stun,
m_TokenAddAmount,1,
m_ShowValue,False,
all_conditions,performer_has_fishermans_net,
element_end
element_start,equipped_flammable_item_tag_burn,Effect
m_Chance,1,
m_DotAddId,small_burn_dot,
m_DotAddAmount,1,
all_conditions,performer_has_flammable_tag_equipped,
element_end
element_start,equipped_noxious_item_tag_burn,Effect
m_Chance,1,
m_DotAddId,small_blight_dot,
m_DotAddAmount,1,
all_conditions,performer_has_noxious_tag_equipped,
element_end
element_start,equipped_serrated_item_tag_bleed,Effect
m_Chance,1,
m_DotAddId,small_bleed_dot,
m_DotAddAmount,1,
all_conditions,performer_has_serrated_tag_equipped,
element_end
element_start,equipped_serrated_item_tag_skill_bleed_33pct,Effect
m_Chance,0.33,
m_DotAddId,skill_medium_bleed_dot,
m_DotAddAmount,1,
all_conditions,performer_has_serrated_tag_equipped,
element_end
element_start,example_add_1_to_3_quirk_positive,Effect
m_Chance,1,
m_QuirkAddTag,positive,
m_QuirkAddAmount,1,
m_QuirkAddAmountRange,2,
element_end
element_start,example_combat_health_damage_enemy_team_e,Effect
m_Chance,1,
buffs,example_combat_health_damage_enemy_team,
element_end
element_start,example_combat_health_damage_friendly_team_e,Effect
m_Chance,1,
buffs,example_combat_health_damage_friendly_team,
element_end
element_start,example_combat_health_heal_e,Effect
m_Chance,1,
buffs,example_combat_health_heal,
element_end
element_start,example_combat_health_heal_enemy_team_e,Effect
m_Chance,1,
buffs,example_combat_health_heal_enemy_team,
element_end
element_start,example_combat_health_heal_friendly_team_e,Effect
m_Chance,1,
buffs,example_combat_health_heal_friendly_team,
element_end
element_start,example_combat_stress_damage_enemy_team_e,Effect
m_Chance,1,
buffs,example_combat_stress_damage_enemy_team,
element_end
element_start,example_combat_stress_damage_friendly_team_e,Effect
m_Chance,1,
buffs,example_combat_stress_damage_friendly_team,
element_end
element_start,example_combat_stress_heal_e,Effect
m_Chance,1,
buffs,example_combat_stress_heal,
element_end
element_start,example_combat_stress_heal_enemy_team_e,Effect
m_Chance,1,
buffs,example_combat_stress_heal_enemy_team,
element_end
element_start,example_combat_stress_heal_friendly_team_e,Effect
m_Chance,1,
buffs,example_combat_stress_heal_friendly_team,
element_end
element_start,example_turn_end_enemy_team_e,Effect
m_Chance,1,
buffs,example_turn_end_enemy_team,
element_end
element_start,example_turn_end_friendly_team_e,Effect
m_Chance,1,
buffs,example_turn_end_friendly_team,
element_end
element_start,example_turn_start_enemy_team_e,Effect
m_Chance,1,
buffs,example_turn_start_enemy_team,
element_end
element_start,example_turn_start_enemy_team_random_e,Effect
m_Chance,1,
buffs,example_turn_start_enemy_team_random,
element_end
element_start,example_turn_start_friendly_team_e,Effect
m_Chance,1,
buffs,example_turn_start_friendly_team,
element_end
element_start,exemplar_summon_altar,Effect
m_Chance,0.31,
m_SummonClassActorId,cultist_altar,
m_SummonLocationType,BACK,
m_SummonIfRoom,True,
all_conditions,exemplar_can_fit_summon,
element_end
element_start,exemplar_summon_cherub,Effect
m_Chance,0.23,
m_SummonClassActorId,cultist_cherub,
m_SummonLocationType,BACK,
m_SummonIfRoom,True,
all_conditions,exemplar_can_fit_summon,
element_end
element_start,exemplar_summon_evangelist,Effect
m_Chance,0.23,
m_SummonClassActorId,cultist_evangelist,
m_SummonLocationType,FRONT,
m_SummonIfRoom,True,
all_conditions,exemplar_can_fit_summon,
element_end
element_start,exemplar_summon_herald,Effect
m_Chance,0.23,
m_SummonClassActorId,cultist_herald,
m_SummonLocationType,BACK,
m_SummonIfRoom,True,
all_conditions,exemplar_can_fit_summon,
element_end
element_start,extra_action,Effect
m_Chance,1,
m_AddTurn,1,
element_end
element_start,extra_action_20pct,Effect
m_Chance,0.2,
m_AddTurn,1,
element_end
element_start,extra_action_20pct_if_performer_has_bleed,Effect
m_Chance,0.2,
m_AddTurn,1,
all_conditions,performer_has_bleed_dot,
element_end
element_start,extra_action_20pct_not_corpse_hidden,Effect
m_Chance,0.2,
m_AddTurn,1,
all_conditions,target_is_not_corpse_hidden,
element_end
element_start,extra_action_20pct_target_spd_2orless,Effect
m_Chance,0.2,
m_AddTurn,1,
all_conditions,target_speed_2orless,
element_end
element_start,extra_action_33pct,Effect
m_Chance,0.33,
m_AddTurn,1,
element_end
element_start,extra_action_50pct,Effect
m_Chance,0.5,
m_AddTurn,1,
element_end
element_start,extra_action_60pct,Effect
m_Chance,0.6,
m_AddTurn,1,
element_end
element_start,extra_action_66pct,Effect
m_Chance,0.66,
m_AddTurn,1,
element_end
element_start,extra_action_80pct,Effect
m_Chance,0.8,
m_AddTurn,1,
element_end
element_start,extra_action_hidden,Effect
m_Chance,1,
m_AddTurn,1,
m_IsVisible,False,
element_end
element_start,extra_action_if_performer_has_wagon_jack,Effect
m_Chance,1,
m_AddTurn,1,
all_conditions,performer_has_wagon_jack_equipped_hidden,
m_IsVisible,False,
element_end
element_start,extra_action_if_target_has_logic_a,Effect
m_Chance,1,
m_AddTurn,1,
all_conditions,target_has_logic_a,
m_IsVisible,False,
element_end
element_start,extra_action_if_target_is_flg,Effect
m_Chance,1,
m_AddTurn,1,
all_conditions,target_is_flagellant,
element_end
element_start,extra_action_if_target_is_gr,Effect
m_Chance,1,
m_AddTurn,1,
all_conditions,target_is_grave_robber,
element_end
element_start,extra_action_if_target_is_hel,Effect
m_Chance,1,
m_AddTurn,1,
all_conditions,target_is_hellion,
element_end
element_start,extra_action_if_target_is_hwm,Effect
m_Chance,1,
m_AddTurn,1,
all_conditions,target_is_highwayman,
element_end
element_start,extra_action_if_target_is_jes,Effect
m_Chance,1,
m_AddTurn,1,
all_conditions,target_is_jester,
element_end
element_start,extra_action_if_target_is_lep,Effect
m_Chance,1,
m_AddTurn,1,
all_conditions,target_is_leper,
element_end
element_start,extra_action_if_target_is_maa,Effect
m_Chance,1,
m_AddTurn,1,
all_conditions,target_is_man_at_arms,
element_end
element_start,extra_action_if_target_is_occ,Effect
m_Chance,1,
m_AddTurn,1,
all_conditions,target_is_occultist,
element_end
element_start,extra_action_if_target_is_pd,Effect
m_Chance,1,
m_AddTurn,1,
all_conditions,target_is_plague_doctor,
element_end
element_start,extra_action_if_target_is_run,Effect
m_Chance,1,
m_AddTurn,1,
all_conditions,target_is_fire,
element_end
element_start,extra_action_if_target_is_ves,Effect
m_Chance,1,
m_AddTurn,1,
all_conditions,target_is_vestal,
element_end
element_start,extra_action_med_chc,Effect
m_Chance,0.2,
m_AddTurn,1,
element_end
element_start,extra_action_small_chc,Effect
m_Chance,0.1,
m_AddTurn,1,
element_end
element_start,extra_action_tiny_chc,Effect
m_Chance,0.05,
m_AddTurn,1,
element_end
element_start,eyes_add_focus_token_hero,Effect
m_Chance,1,
m_TokenAddId,eyes_focus_hero,
m_TokenAddAmount,1,
m_ShowValue,False,
element_end
element_start,eyes_additional_seen_bark,Effect
m_Chance,0.4,
m_BarkId,eyes_additional_seen,
all_conditions,target_has_focus_token,
element_end
element_start,eyes_blessing_copytoken_effect,Effect
m_Chance,1,
buffs,eyes_blessing_copytoken_buff,
element_end
element_start,eyes_change_actor_stalk_l,Effect
m_Chance,1,
m_ChangeClassActorId,boss_eyes_stalk_l,
m_AddTurn,0,
element_end
element_start,eyes_change_actor_stalk_m,Effect
m_Chance,1,
m_ChangeClassActorId,boss_eyes_stalk_m,
m_AddTurn,0,
element_end
element_start,eyes_change_actor_stalk_s,Effect
m_Chance,1,
m_ChangeClassActorId,boss_eyes_stalk_s,
m_AddTurn,0,
element_end
element_start,eyes_corpse_spawn_bark,Effect
m_Chance,1,
m_BarkId,eyes_corpse_spawn,
all_conditions,enemy_party_contains_1_stalk_s_corpses,performer_is_in_rank_1,
element_end
element_start,eyes_debuff_healing_received,Effect
m_Chance,1,
buffs,eyes_healing_received_debuff,
element_end
element_start,eyes_hero_party_effects,Effect
m_Chance,1,
buffs,eyes_turn_start_stress,
m_IsVisible,False,
element_end
element_start,eyes_crit_to_performer_when_hit_e,Effect
m_Chance,1,
buffs,eyes_crit_to_performer_when_hit,
element_end
element_start,eyes_initial_limerence_bark,Effect
m_Chance,1,
m_BarkId,eyes_initial_limerence,
all_conditions,performer_has_no_logic_a,
element_end
element_start,eyes_initial_seen_bark,Effect
m_Chance,0.4,
m_BarkId,eyes_initial_seen,
all_conditions,target_has_no_focus_token,
element_end
element_start,eyes_limerence_seen_bark,Effect
m_Chance,0.4,
m_BarkId,eyes_limerence_seen,
all_conditions,performer_has_any_logic_a,
element_end
element_start,eyes_limerence_unseen_bark,Effect
m_Chance,0.3,
m_BarkId,eyes_limerence_unseen,
all_conditions,performer_has_any_logic_a,
element_end
element_start,eyes_remove_focus_token_hero,Effect
m_Chance,1,
m_TokenRemoveId,eyes_focus_hero,
m_TokenRemoveAmount,1,
m_ShowValue,False,
m_IsSourceOnly,True,
all_conditions,target_has_focus_token_from_performer,performer_is_eyes_stalk_s,
element_end
element_start,eyes_remove_logic_a_if_stalk_s,Effect
m_Chance,1,
m_TokenRemoveId,logic_a,
m_TokenRemoveAmount,1,
m_ShowValue,False,
all_conditions,performer_is_eyes_stalk_s,
element_end
element_start,eyes_seen_stress_proc_bark,Effect
m_Chance,0.3,
m_BarkId,eyes_seen_stress_proc,
all_conditions,performer_has_focus_token,
element_end
element_start,eyes_stalk_s_killed_bark,Effect
m_Chance,1,
m_BarkId,eyes_stalk_s_killed,
all_conditions,enemy_party_contains_2_stalk_s_corpses,
element_end
element_start,eyes_stress_dmg_if_focus_token,Effect
m_Chance,1,
m_StressDamage,1,
all_conditions,performer_has_focus_token,
m_IsVisible,False,
element_end
element_start,fading_embers_torch_dim,Effect
m_Chance,1,
torch,-5,
element_end
element_start,failure_stacking_crit_buff_e,Effect
m_Chance,1,
buffs,failure_stacking_crit_buff,
element_end
element_start,failure_stacking_dmg_buff_e,Effect
m_Chance,1,
buffs,failure_stacking_dmg_buff,
element_end
element_start,failure_ult_damage,Effect
m_Chance,1,
m_HealthDamagePercent,0.2,
element_end
element_start,fake_occultist_chaotic_offering_tool_tip,Effect
m_Chance,1,
m_TokenAddId,strength,
m_TokenAddAmount,1,
m_ShowValue,False,
all_conditions,always_return_false_performer_hidden,
element_end
element_start,fake_plague_doctor_cause_of_death_tool_tip,Effect
m_Chance,1,
m_TokenAddId,strength,
m_TokenAddAmount,1,
m_ShowValue,False,
all_conditions,always_return_false_hidden,
element_end
element_start,fake_plague_doctor_cause_of_death_u_tool_tip,Effect
m_Chance,1,
m_TokenAddId,strength,
m_TokenAddAmount,1,
m_ShowValue,False,
all_conditions,always_return_false_hidden,
element_end
element_start,fake_runaway_backdraft_tool_tip,Effect
m_Chance,1,
m_TokenAddId,strength,
m_TokenAddAmount,1,
m_ShowValue,False,
all_conditions,always_return_false_hidden,
element_end
element_start,fake_runaway_backdraft_u_tool_tip,Effect
m_Chance,1,
m_TokenAddId,strength,
m_TokenAddAmount,1,
m_ShowValue,False,
all_conditions,always_return_false_hidden,
element_end
element_start,farm_scrounger_effect_loot,Effect
m_Chance,1,
m_LootIds,FIELDS_SCROUNGER_BANTER_LOOT,
m_LootReasonId,farm_scrounger_banter,
element_end
element_start,field_surgeon_bandage_gen_loot,Effect
m_Chance,1,
m_LootIds,SC_WORKTABLE_LOOM_LOOT,
m_LootReasonId,field_surgeon_banter,
element_end
element_start,final_blessing_blightrider_effect,Effect
m_Chance,1,
buffs,final_blightrider_buff,
element_end
element_start,fish_monger_on_crit_buff_e,Effect
m_Chance,1,
buffs,fish_monger_on_crit_buff,
element_end
element_start,flayer_ignite_self,Effect
m_Chance,1,
m_ChangeClassActorId,fanatic_flayer_ignited,
m_AddTurn,1,
element_end
element_start,flayer_ignited_blade_tornado_burn,Effect
m_Chance,1,
m_DotAddId,small_burn_dot,
m_DotAddAmount,1,
element_end
element_start,flayer_ignited_burning_slash_bleed,Effect
m_Chance,1,
m_DotAddId,small_bleed_dot,
m_DotAddAmount,1,
element_end
element_start,flayer_ignited_burning_slash_burn,Effect
m_Chance,1,
m_DotAddId,small_burn_dot,
m_DotAddAmount,1,
element_end
element_start,flayer_ignited_riposte_burn,Effect
m_Chance,1,
m_DotAddId,very_small_burn_dot,
m_DotAddAmount,1,
element_end
element_start,flayer_slash_bleed,Effect
m_Chance,1,
m_DotAddId,small_bleed_dot,
m_DotAddAmount,1,
element_end
element_start,flg_his_prison_blight_debuff,Effect
m_Chance,0.33,
buffs,flg_his_prison_debuff,
element_end
element_start,flg_lash_gift_p3_bleed_res_buff_e,Effect
m_Chance,1,
buffs,flg_lash_gift_p3_bleed_res_buff,
all_conditions,performer_has_bleed_dot_hidden,
element_end
element_start,flg_lash_gift_p3_blight_res_buff_e,Effect
m_Chance,1,
buffs,flg_lash_gift_p3_blight_res_buff,
all_conditions,performer_has_blight_dot,
m_IsVisible,False,
element_end
element_start,flg_lash_gift_p3_burn_res_buff_e,Effect
m_Chance,1,
buffs,flg_lash_gift_p3_burn_res_buff,
all_conditions,performer_has_burn_dot,
m_IsVisible,False,
element_end
element_start,flg_more_more_heal_buff_e,Effect
m_Chance,1,
buffs,flg_more_more_pain_heal_buff,
element_end
element_start,flg_more_more_heal_u_buff_e,Effect
m_Chance,1,
buffs,flg_more_more_pain_heal_u_buff,
element_end
element_start,flg_more_more_on_damage_buff_e,Effect
m_Chance,1,
buffs,flg_more_more_on_damage_buff,
element_end
element_start,flg_more_more_on_damage_u_buff_e,Effect
m_Chance,1,
buffs,flg_more_more_on_damage_u_buff,
element_end
element_start,flg_more_more_pain_heal,Effect
m_Chance,1,
m_HealthHealPercent,0.1,
m_CritChance,0,
m_CritMultiplier,1,
element_end
element_start,flg_more_more_pain_heal_u,Effect
m_Chance,1,
m_HealthHealPercent,0.15,
m_CritChance,0,
m_CritMultiplier,1,
element_end
element_start,flg_necrosis_heal,Effect
m_Chance,1,
m_HealthHealPercent,0.05,
m_CritChance,0.05,
m_CritMultiplier,0.5,
all_conditions,target_has_blight_dot,
element_end
element_start,flg_necrosis_heal_u,Effect
m_Chance,1,
m_HealthHealPercent,0.1,
m_CritChance,0.05,
m_CritMultiplier,0.5,
all_conditions,target_has_blight_dot,
element_end
element_start,flg_scourge_toxic_blight_bonus_e,Effect
m_Chance,1,
buffs,flg_scourge_toxic_blight_bonus,
all_conditions,performer_is_path_flg_scourge,
element_end
element_start,flg_signature_item_effect,Effect
m_Chance,0.05,
m_LootIds,pain_box_inn,
element_end
element_start,flg_suffer_clear_damage_dots_e,Effect
m_Chance,1,
buffs,flg_suffer_clear_damage_dots,
element_end
element_start,flg_suffer_deathblow_res_buff_e,Effect
m_Chance,1,
buffs,flg_suffer_deathblow_res_buff,
element_end
element_start,flg_suffer_p1_remove_negative_tokens,Effect
m_Chance,1,
m_Priority,-5,
m_TokenRemoveTag,negative,
m_TokenRemoveAmount,2,
element_end
element_start,flg_suffer_remove_bleed,Effect
m_Chance,1,
m_DotRemoveAllTypes,bleed,
all_conditions,performer_has_0_count,
element_end
element_start,flg_suffer_remove_blight,Effect
m_Chance,1,
m_DotRemoveAllTypes,blight,
all_conditions,performer_has_0_count,
element_end
element_start,flg_suffer_remove_buff,Effect
m_Chance,1,
m_Priority,-5,
m_BuffRemoveAllTags,suffer,
all_conditions,performer_has_0_count,
m_IsVisible,False,
element_end
element_start,flg_suffer_remove_burn,Effect
m_Chance,1,
m_DotRemoveAllTypes,burn,
all_conditions,performer_has_0_count,
element_end
element_start,flg_toxic_dbr_penalty_e,Effect
m_Chance,1,
m_IgnoreResist,True,
buffs,flg_toxic_dbr_penalty,
element_end
element_start,food_dysentery_disease_chance,Effect
m_Chance,0.02,
quirks,disease_dysentery,
element_end
element_start,foot_soldier_atrophic_cut_debuff,Effect
m_Chance,1,
buffs,foot_soldier_atrophic_cut_dot_resist_debuff,
element_end
element_start,forest_scrounger_effect_loot,Effect
m_Chance,1,
m_LootIds,FOREST_SCROUNGER_BANTER_LOOT,
m_LootReasonId,forest_scrounger_banter,
element_end
element_start,full_armor_bonus_block,Effect
m_Chance,1,
m_TokenAddId,block,
m_TokenAddAmount,1,
m_ShowValue,False,
all_conditions,armor_is_full,
m_IsVisible,False,
element_end
element_start,gen_add_count_per_round_buff_e,Effect
m_Chance,1,
buffs,gen_add_count_per_round_buff,
element_end
element_start,gen_add_logic_a_per_round_buff_e,Effect
m_Chance,1,
buffs,gen_add_logic_a_per_round_buff,
element_end
element_start,gen_add_riposte_per_round_buff_e,Effect
m_Chance,1,
buffs,gen_add_riposte_per_round_buff,
element_end
element_start,gen_add_temp_logic_per_round_buff_e,Effect
m_Chance,1,
buffs,gen_add_temp_logic_per_round_buff,
element_end
element_start,gen_debuff_bleed_res_20pct_e,Effect
m_Chance,1,
buffs,gen_debuff_bleed_res_20pct,
element_end
element_start,gen_debuff_blight_res_20pct_e,Effect
m_Chance,1,
buffs,gen_debuff_blight_res_20pct,
element_end
element_start,gen_remove_count_per_round_buff_e,Effect
m_Chance,1,
buffs,gen_remove_count_per_round_buff,
element_end
element_start,generic_test_buff_e,Effect
m_Chance,1,
m_IgnoreResist,True,
buffs,test_crit_target_to_target,
element_end
element_start,ghoul_worries_disease_howl_pct,Effect
m_Chance,0.05,
quirks,disease_worries,
all_conditions,biome_typical_equal_or_greater_than_1,
element_end
element_start,gleper_attack_buff_e,Effect
m_Chance,1,
buffs,gleper_attack_buff,
element_end
element_start,gleper_attack_buff_manager_e,Effect
m_Chance,1,
buffs,gleper_attack_buff_manager,
element_end
element_start,gleper_spawn_bleed,Effect
m_Chance,1,
m_IgnoreResist,True,
m_DotAddId,small_bleed_dot,
m_DotAddAmount,1,
element_end
element_start,god_denial_manager_e,Effect
m_Chance,1,
m_IgnoreResist,True,
buffs,god_denial_manager,
element_end
element_start,god_denial_melee_rank_1,Effect
m_Chance,1,
m_IgnoreResist,True,
m_TokenAddId,god_lock_melee,
m_TokenAddAmount,1,
m_ShowValue,False,
all_conditions,target_is_in_rank_1,
element_end
element_start,god_denial_ranged_rank_2,Effect
m_Chance,1,
m_IgnoreResist,True,
m_TokenAddId,god_lock_ranged,
m_TokenAddAmount,1,
m_ShowValue,False,
all_conditions,target_is_in_rank_2,
element_end
element_start,god_denial_stress_rank_3,Effect
m_Chance,1,
m_IgnoreResist,True,
m_TokenAddId,god_lock_stress,
m_TokenAddAmount,1,
m_ShowValue,False,
all_conditions,target_is_in_rank_3,
element_end
element_start,god_denial_stress_rank_4,Effect
m_Chance,1,
m_IgnoreResist,True,
m_TokenAddId,god_lock_health,
m_TokenAddAmount,1,
m_ShowValue,False,
all_conditions,target_is_in_rank_4,
element_end
element_start,god_grand_design_bleed_res_debuff_e,Effect
m_Chance,1,
buffs,god_grand_design_bleed_res_debuff,
element_end
element_start,god_grand_design_blight_res_debuff_e,Effect
m_Chance,1,
buffs,god_grand_design_blight_res_debuff,
element_end
element_start,god_grand_design_burn_res_debuff_e,Effect
m_Chance,1,
buffs,god_grand_design_burn_res_debuff,
element_end
element_start,god_grand_design_debuff_res_debuff_e,Effect
m_Chance,1,
buffs,god_grand_design_debuff_res_debuff,
element_end
element_start,god_grand_design_stun_res_debuff_e,Effect
m_Chance,1,
buffs,god_grand_design_stun_res_debuff,
element_end
element_start,god_spawn_cherub,Effect
m_Chance,1,
m_ChangeClassActorId,boss_body_cherub,
m_AddTurn,0,
all_conditions,target_is_spacer,
element_end
element_start,god_spawn_cherub_over_failure,Effect
m_Chance,1,
m_ChangeClassActorId,boss_body_cherub,
m_AddTurn,0,
all_conditions,target_is_god_failure,
element_end
element_start,god_summon_failure_bark,Effect
m_Chance,1,
m_BarkId,god_summon_failure,
m_IsVisible,False,
element_end
element_start,god_summon_failure_flg,Effect
m_Chance,1,
m_ChangeClassActorId,boss_body_failure_flg,
m_AddTurn,0,
all_conditions,target_is_in_rank_1,performer_is_flagellant,hero_party_has_flagellant,
element_end
element_start,god_summon_failure_gr,Effect
m_Chance,1,
m_ChangeClassActorId,boss_body_failure_gr,
m_AddTurn,0,
all_conditions,target_is_in_rank_4,performer_is_grave_robber,hero_party_has_grave_robber,
element_end
element_start,god_summon_failure_hel,Effect
m_Chance,1,
m_ChangeClassActorId,boss_body_failure_hel,
m_AddTurn,0,
all_conditions,target_is_in_rank_1,performer_is_hellion,hero_party_has_hellion,
element_end
element_start,god_summon_failure_hwm,Effect
m_Chance,1,
m_ChangeClassActorId,boss_body_failure_hwm,
m_AddTurn,0,
all_conditions,target_is_in_rank_1,performer_is_highwayman,hero_party_has_highwayman,
element_end
element_start,god_summon_failure_jes,Effect
m_Chance,1,
m_ChangeClassActorId,boss_body_failure_jes,
m_AddTurn,0,
all_conditions,target_is_in_rank_1,performer_is_jester,hero_party_has_jester,
element_end
element_start,god_summon_failure_lep,Effect
m_Chance,1,
m_ChangeClassActorId,boss_body_failure_lep,
m_AddTurn,0,
all_conditions,target_is_in_rank_1,performer_is_leper,hero_party_has_leper,
element_end
element_start,god_summon_failure_maa,Effect
m_Chance,1,
m_ChangeClassActorId,boss_body_failure_maa,
m_AddTurn,0,
all_conditions,target_is_in_rank_1,performer_is_man_at_arms,hero_party_has_man_at_arms,
element_end
element_start,god_summon_failure_occ,Effect
m_Chance,1,
m_ChangeClassActorId,boss_body_failure_occ,
m_AddTurn,0,
all_conditions,target_is_in_rank_4,performer_is_occultist,hero_party_has_occultist,
element_end
element_start,god_summon_failure_pd,Effect
m_Chance,1,
m_ChangeClassActorId,boss_body_failure_pd,
m_AddTurn,0,
all_conditions,target_is_in_rank_1,performer_is_plague_doctor,hero_party_has_plague_doctor,
element_end
element_start,god_summon_failure_run,Effect
m_Chance,1,
m_ChangeClassActorId,boss_body_failure_run,
m_AddTurn,0,
all_conditions,target_is_in_rank_4,performer_is_runaway,hero_party_has_runaway,
element_end
element_start,god_summon_failure_ves,Effect
m_Chance,1,
m_ChangeClassActorId,boss_body_failure_ves,
m_AddTurn,0,
all_conditions,target_is_in_rank_1,performer_is_vestal,
element_end
element_start,gr_coffin_treasure_death_listener_e,Effect
m_Chance,1,
buffs,gr_coffin_treasure_death_listener,
element_end
element_start,gr_combat_2_buff_manager_e,Effect
m_Chance,1,
buffs,gr_combat_2_buff_manager,
element_end
element_start,gr_combat_2_clear_mark_location,Effect
m_Chance,1,
m_TokenRemoveId,mark_location,
m_TokenRemoveAmount,1,
m_ShowValue,False,
all_conditions,monsters_has_no_guard_present,
element_end
element_start,gr_combat_2_guard_death_listener_e,Effect
m_Chance,1,
buffs,gr_combat_2_guard_death_listener,
m_IsVisible,False,
element_end
element_start,gr_guard_coffin_death_listener_e,Effect
m_Chance,1,
buffs,gr_coffin_guard_death_listener,
element_end
element_start,gr_husband_coffin_death_listener_e,Effect
m_Chance,1,
buffs,gr_coffin_guard_death_listener,
element_end
element_start,gr_signature_item_effect,Effect
m_Chance,0.05,
m_LootIds,the_very_best_inn,
element_end
element_start,gr_trapped_coffin_death_listener_e,Effect
m_Chance,1,
buffs,gr_trapped_coffin_death_listener,
element_end
element_start,harvest_hunger_bark,Effect
m_Chance,1,
m_BarkId,notice_harvest_hunger_move,
all_conditions,performer_has_harvest_hunger,
element_end
element_start,harvest_hunger_move_listener_e,Effect
m_Chance,1,
m_IgnoreResist,True,
buffs,harvest_table_move_listener,
all_conditions,target_no_harvest_move_listener,
element_end
element_start,harvest_hunger_pull_1,Effect
m_Chance,1,
m_IgnoreResist,True,
m_Move,-1,
all_conditions,performer_has_harvest_hunger,
element_end
element_start,harvest_meat_consumed_bark,Effect
m_Chance,1,
m_BarkId,harvest_meat_consumed,
m_IsVisible,False,
element_end
element_start,harvest_table_health_debuff_e,Effect
m_Chance,1,
m_IgnoreResist,True,
buffs,harvest_table_hunger_debuff,
all_conditions,performer_can_receive_harvest_hunger,
element_end
element_start,heal_100pct,Effect
m_Chance,1,
m_HealthHealPercent,1,
m_CritChance,0.05,
m_CritMultiplier,0.5,
element_end
element_start,heal_100pct_relic_condition,Effect
m_Chance,1,
m_HealthHealPercent,1,
m_CritChance,0.05,
m_CritMultiplier,0.5,
all_conditions,relics_over_100,
element_end
element_start,heal_10pct,Effect
m_Chance,1,
m_HealthHealPercent,0.1,
m_CritChance,0.05,
m_CritMultiplier,0.5,
element_end
element_start,heal_10pct_chc_90pct,Effect
m_Chance,0.9,
m_HealthHealPercent,0.1,
m_CritChance,0.05,
m_CritMultiplier,0.5,
element_end
element_start,heal_15pct,Effect
m_Chance,1,
m_HealthHealPercent,0.15,
m_CritChance,0.05,
m_CritMultiplier,0.5,
element_end
element_start,heal_30pct_target_is_corpse,Effect
m_Chance,1,
m_HealthHealPercent,0.3,
m_CritChance,0.05,
m_CritMultiplier,0.5,
all_conditions,target_is_corpse,
element_end
element_start,heal_20pct,Effect
m_Chance,1,
m_HealthHealPercent,0.2,
m_CritChance,0.05,
m_CritMultiplier,0.5,
element_end
element_start,heal_20pct_self_threshold_med,Effect
m_Chance,1,
m_HealthHealPercent,0.2,
m_CritChance,0.05,
m_CritMultiplier,0.5,
all_conditions,performer_meets_heal_threshold_med,
element_end
element_start,heal_20pct_target_threshold_high,Effect
m_Chance,1,
m_HealthHealPercent,0.2,
m_CritChance,0.05,
m_CritMultiplier,0.5,
all_conditions,target_meets_heal_threshold_high,
element_end
element_start,heal_20pct_target_threshold_med,Effect
m_Chance,1,
m_HealthHealPercent,0.2,
m_CritChance,0.05,
m_CritMultiplier,0.5,
all_conditions,target_meets_heal_threshold_med,
element_end
element_start,heal_25pct,Effect
m_Chance,1,
m_HealthHealPercent,0.25,
m_CritChance,0.05,
m_CritMultiplier,0.5,
element_end
element_start,heal_25pct_self_threshold_med,Effect
m_Chance,1,
m_HealthHealPercent,0.25,
m_CritChance,0.05,
m_CritMultiplier,0.5,
all_conditions,performer_meets_heal_threshold_med,
element_end
element_start,heal_25pct_target_threshold_high,Effect
m_Chance,1,
m_HealthHealPercent,0.25,
m_CritChance,0.05,
m_CritMultiplier,0.5,
all_conditions,target_meets_heal_threshold_high,
element_end
element_start,heal_25pct_target_threshold_med,Effect
m_Chance,1,
m_HealthHealPercent,0.25,
m_CritChance,0.05,
m_CritMultiplier,0.5,
all_conditions,target_meets_heal_threshold_med,
element_end
element_start,heal_30pct,Effect
m_Chance,1,
m_HealthHealPercent,0.3,
m_CritChance,0.05,
m_CritMultiplier,0.5,
element_end
element_start,heal_33pct,Effect
m_Chance,1,
m_HealthHealPercent,0.33,
m_CritChance,0.05,
m_CritMultiplier,0.5,
element_end
element_start,heal_33pct_chc_10pct,Effect
m_Chance,0.1,
m_HealthHealPercent,0.33,
m_CritChance,0.05,
m_CritMultiplier,0.5,
element_end
element_start,heal_33pct_self_threshold_low,Effect
m_Chance,1,
m_HealthHealPercent,0.33,
m_CritChance,0.05,
m_CritMultiplier,0.5,
all_conditions,performer_meets_heal_threshold_low,
element_end
element_start,heal_33pct_self_threshold_med,Effect
m_Chance,1,
m_HealthHealPercent,0.33,
m_CritChance,0.05,
m_CritMultiplier,0.5,
all_conditions,performer_meets_heal_threshold_med,
element_end
element_start,heal_35pct,Effect
m_Chance,1,
m_HealthHealPercent,0.35,
m_CritChance,0.05,
m_CritMultiplier,0.5,
element_end
element_start,heal_40pct,Effect
m_Chance,1,
m_HealthHealPercent,0.4,
m_CritChance,0.05,
m_CritMultiplier,0.5,
element_end
element_start,heal_50pct,Effect
m_Chance,1,
m_HealthHealPercent,0.5,
m_CritChance,0.05,
m_CritMultiplier,0.5,
element_end
element_start,heal_50pct_self_threshold_med,Effect
m_Chance,1,
m_HealthHealPercent,0.5,
m_CritChance,0.05,
m_CritMultiplier,0.5,
all_conditions,performer_meets_heal_threshold_med,
element_end
element_start,heal_5pct,Effect
m_Chance,1,
m_HealthHealPercent,0.05,
m_CritChance,0.05,
m_CritMultiplier,0.5,
element_end
element_start,heal_5pct_if_combo_primed_hidden,Effect
m_Chance,1,
m_HealthHealPercent,0.05,
m_CritChance,0.05,
m_CritMultiplier,0.5,
all_conditions,target_is_combo_primed,
m_IsVisible,False,
element_end
element_start,heal_67pct,Effect
m_Chance,1,
m_HealthHealPercent,0.67,
m_CritChance,0.05,
m_CritMultiplier,0.5,
element_end
element_start,heal_75pct,Effect
m_Chance,1,
m_HealthHealPercent,0.75,
m_CritChance,0.05,
m_CritMultiplier,0.5,
element_end
element_start,heal_amount_1,Effect
m_Chance,1,
m_HealthHealAmount,1,
m_CritChance,0.05,
m_CritMultiplier,0.5,
element_end
element_start,heal_amount_10,Effect
m_Chance,1,
m_HealthHealAmount,10,
m_CritChance,0.05,
m_CritMultiplier,0.5,
element_end
element_start,heal_amount_2,Effect
m_Chance,1,
m_HealthHealAmount,2,
m_CritChance,0.05,
m_CritMultiplier,0.5,
element_end
element_start,heal_amount_2_33pct,Effect
m_Chance,0.33,
m_HealthHealAmount,2,
m_CritChance,0.05,
m_CritMultiplier,0.5,
element_end
element_start,heal_amount_3,Effect
m_Chance,1,
m_HealthHealAmount,3,
m_CritChance,0.05,
m_CritMultiplier,0.5,
element_end
element_start,heal_amount_4,Effect
m_Chance,1,
m_HealthHealAmount,4,
m_CritChance,0.05,
m_CritMultiplier,0.5,
element_end
element_start,heal_amount_5,Effect
m_Chance,1,
m_HealthHealAmount,5,
m_CritChance,0.05,
m_CritMultiplier,0.5,
element_end
element_start,heal_amount_6,Effect
m_Chance,1,
m_HealthHealAmount,6,
m_CritChance,0.05,
m_CritMultiplier,0.5,
element_end
element_start,heal_full,Effect
m_Chance,1,
m_HealthHealPercent,1,
m_CritChance,0.05,
m_CritMultiplier,0.5,
element_end
element_start,heal_full_hidden,Effect
m_Chance,1,
m_HealthHealPercent,1,
m_CritChance,0.05,
m_CritMultiplier,0.5,
m_IsVisible,False,
element_end
element_start,heal_large,Effect
m_Chance,1,
m_HealthHealAmount,16,
m_CritChance,0.05,
m_CritMultiplier,0.5,
element_end
element_start,heal_large_hp_low,Effect
m_Chance,1,
m_HealthHealAmount,16,
m_CritChance,0.05,
m_CritMultiplier,0.5,
all_conditions,target_meets_heal_threshold_low,
element_end
element_start,heal_massive,Effect
m_Chance,1,
m_HealthHealAmount,40,
m_CritChance,0.05,
m_CritMultiplier,0.5,
element_end
element_start,heal_massive_hp_low,Effect
m_Chance,1,
m_HealthHealAmount,40,
m_CritChance,0.05,
m_CritMultiplier,0.5,
all_conditions,target_meets_heal_threshold_low,
element_end
element_start,heal_medium,Effect
m_Chance,1,
m_HealthHealAmount,10,
m_CritChance,0.05,
m_CritMultiplier,0.5,
element_end
element_start,heal_medium_hp_low,Effect
m_Chance,1,
m_HealthHealAmount,10,
m_CritChance,0.05,
m_CritMultiplier,0.5,
all_conditions,target_meets_heal_threshold_low,
element_end
element_start,heal_percent_large,Effect
m_Chance,1,
m_HealthHealPercent,0.5,
m_CritChance,0.05,
m_CritMultiplier,0.5,
element_end
element_start,heal_percent_large_hp_low,Effect
m_Chance,1,
m_HealthHealPercent,0.5,
m_CritChance,0.05,
m_CritMultiplier,0.5,
all_conditions,target_meets_heal_threshold_low,
element_end
element_start,heal_percent_large_self_hp_low,Effect
m_Chance,1,
m_HealthHealPercent,0.5,
m_CritChance,0.05,
m_CritMultiplier,0.5,
all_conditions,performer_meets_heal_threshold_low,
element_end
element_start,heal_percent_massive,Effect
m_Chance,1,
m_HealthHealPercent,0.75,
m_CritChance,0.05,
m_CritMultiplier,0.5,
element_end
element_start,heal_percent_massive_hp_low,Effect
m_Chance,1,
m_HealthHealPercent,0.75,
m_CritChance,0.05,
m_CritMultiplier,0.5,
all_conditions,target_meets_heal_threshold_low,
element_end
element_start,heal_percent_massive_self_hp_low,Effect
m_Chance,1,
m_HealthHealPercent,0.75,
m_CritChance,0.05,
m_CritMultiplier,0.5,
all_conditions,performer_meets_heal_threshold_low,
element_end
element_start,heal_percent_medium,Effect
m_Chance,1,
m_HealthHealPercent,0.33,
m_CritChance,0.05,
m_CritMultiplier,0.5,
element_end
element_start,heal_percent_medium_hp_low,Effect
m_Chance,1,
m_HealthHealPercent,0.33,
m_CritChance,0.05,
m_CritMultiplier,0.5,
all_conditions,target_meets_heal_threshold_low,
element_end
element_start,heal_percent_medium_self_hp_dd,Effect
m_Chance,1,
m_HealthHealPercent,0.33,
m_CritChance,0.05,
m_CritMultiplier,0.5,
all_conditions,performer_on_deaths_door,
element_end
element_start,heal_percent_medium_self_hp_low,Effect
m_Chance,1,
m_HealthHealPercent,0.25,
m_CritChance,0.05,
m_CritMultiplier,0.5,
all_conditions,performer_meets_heal_threshold_low,
element_end
element_start,heal_percent_small,Effect
m_Chance,1,
m_HealthHealPercent,0.25,
m_CritChance,0.05,
m_CritMultiplier,0.5,
element_end
element_start,heal_percent_small_hp_low,Effect
m_Chance,1,
m_HealthHealPercent,0.25,
m_CritChance,0.05,
m_CritMultiplier,0.5,
all_conditions,target_meets_heal_threshold_low,
element_end
element_start,heal_percent_small_self_hp_low,Effect
m_Chance,1,
m_HealthHealPercent,0.25,
m_CritChance,0.05,
m_CritMultiplier,0.5,
all_conditions,performer_meets_heal_threshold_low,
element_end
element_start,heal_percent_tiny,Effect
m_Chance,1,
m_HealthHealPercent,0.1,
m_CritChance,0.05,
m_CritMultiplier,0.5,
element_end
element_start,heal_percent_very_large,Effect
m_Chance,1,
m_HealthHealPercent,0.66,
m_CritChance,0.05,
m_CritMultiplier,0.5,
element_end
element_start,heal_percent_very_large_hp_low,Effect
m_Chance,1,
m_HealthHealPercent,0.66,
m_CritChance,0.05,
m_CritMultiplier,0.5,
all_conditions,target_meets_heal_threshold_low,
element_end
element_start,heal_percent_very_large_self_hp_low,Effect
m_Chance,1,
m_HealthHealPercent,0.66,
m_CritChance,0.05,
m_CritMultiplier,0.5,
all_conditions,performer_meets_heal_threshold_low,
element_end
element_start,heal_percent_very_small,Effect
m_Chance,1,
m_HealthHealPercent,0.2,
m_CritChance,0.05,
m_CritMultiplier,0.5,
element_end
element_start,heal_percent_very_small_hp_low,Effect
m_Chance,1,
m_HealthHealPercent,0.2,
m_CritChance,0.05,
m_CritMultiplier,0.5,
all_conditions,target_meets_heal_threshold_low,
element_end
element_start,heal_percent_very_small_self_hp_low,Effect
m_Chance,1,
m_HealthHealPercent,0.2,
m_CritChance,0.05,
m_CritMultiplier,0.5,
all_conditions,performer_meets_heal_threshold_low,
element_end
element_start,heal_small,Effect
m_Chance,1,
m_HealthHealAmount,5,
m_CritChance,0.05,
m_CritMultiplier,0.5,
element_end
element_start,heal_small_hp_low,Effect
m_Chance,1,
m_HealthHealAmount,5,
m_CritChance,0.05,
m_CritMultiplier,0.5,
all_conditions,target_meets_heal_threshold_low,
element_end
element_start,heal_tiny,Effect
m_Chance,1,
m_HealthHealAmount,1,
m_CritChance,0.05,
m_CritMultiplier,0.5,
element_end
element_start,heal_tiny_hp_low,Effect
m_Chance,1,
m_HealthHealAmount,1,
m_CritChance,0.05,
m_CritMultiplier,0.5,
all_conditions,target_meets_heal_threshold_low,
element_end
element_start,heal_up_to_45pct,Effect
m_Chance,1,
m_HealthHealUpToPercent,0.45,
m_CritChance,0.05,
m_CritMultiplier,0.5,
element_end
element_start,heal_very_large,Effect
m_Chance,1,
m_HealthHealAmount,25,
m_CritChance,0.05,
m_CritMultiplier,0.5,
element_end
element_start,heal_very_large_hp_low,Effect
m_Chance,1,
m_HealthHealAmount,25,
m_CritChance,0.05,
m_CritMultiplier,0.5,
all_conditions,target_meets_heal_threshold_low,
element_end
element_start,heal_very_small,Effect
m_Chance,1,
m_HealthHealAmount,3,
m_CritChance,0.05,
m_CritMultiplier,0.5,
element_end
element_start,heal_very_small_hp_low,Effect
m_Chance,1,
m_HealthHealAmount,3,
m_CritChance,0.05,
m_CritMultiplier,0.5,
all_conditions,target_meets_heal_threshold_low,
element_end
element_start,health_10pct_damage,Effect
m_Chance,1,
m_HealthDamagePercent,0.1,
element_end
element_start,health_15pct_damage,Effect
m_Chance,1,
m_HealthDamagePercent,0.15,
element_end
element_start,health_damage_1,Effect
m_Chance,1,
m_HealthDamageAmount,1,
element_end
element_start,health_damage_1_25pct_chance,Effect
m_Chance,0.25,
m_HealthDamageAmount,1,
element_end
element_start,health_damage_10,Effect
m_Chance,1,
m_HealthDamageAmount,10,
element_end
element_start,health_damage_10pct,Effect
m_Chance,1,
m_IgnoreResist,True,
m_HealthDamagePercent,0.1,
element_end
element_start,health_damage_15pct,Effect
m_Chance,1,
m_IgnoreResist,True,
m_HealthDamagePercent,0.15,
element_end
element_start,health_damage_2,Effect
m_Chance,1,
m_HealthDamageAmount,2,
element_end
element_start,health_damage_2_5pct_chance,Effect
m_Chance,0.05,
m_HealthDamageAmount,2,
element_end
element_start,health_damage_2_if_target_bleed,Effect
m_Chance,1,
m_HealthDamageAmount,2,
all_conditions,target_has_bleed_dot,
element_end
element_start,health_damage_20pct,Effect
m_Chance,1,
m_IgnoreResist,True,
m_HealthDamagePercent,0.2,
element_end
element_start,health_damage_25pct,Effect
m_Chance,1,
m_HealthDamagePercent,0.25,
element_end
element_start,health_damage_3,Effect
m_Chance,1,
m_HealthDamageAmount,3,
element_end
element_start,health_damage_4,Effect
m_Chance,1,
m_HealthDamageAmount,4,
element_end
element_start,health_damage_5,Effect
m_Chance,1,
m_HealthDamageAmount,5,
element_end
element_start,health_damage_6,Effect
m_Chance,1,
m_HealthDamageAmount,6,
element_end
element_start,health_lock_death_buff_manager_e,Effect
m_Chance,1,
buffs,health_lock_death_buff_manager,
element_end
element_start,health_lock_death_heal,Effect
m_Chance,1,
m_HealthHealPercent,0.33,
m_CritChance,0.05,
m_CritMultiplier,0.5,
all_conditions,brain_health_lock_is_dead,performer_has_0_count,
element_end
element_start,hel_signature_item_effect,Effect
m_Chance,0.05,
m_LootIds,war_paint_inn,
element_end
element_start,hellion_adrenaline_heal_hit_buff_e,Effect
m_Chance,1,
buffs,hellion_adrenaline_heal_hit_buff,
element_end
element_start,hellion_adrenaline_u_heal_hit_buff_e,Effect
m_Chance,1,
buffs,hellion_adrenaline_u_heal_hit_buff,
element_end
element_start,hellion_bloodlust_damage_buff_e,Effect
m_Chance,1,
buffs,hellion_bloodlust_damage_buff,
element_end
element_start,hellion_bloodlust_u_damage_buff_e,Effect
m_Chance,1,
buffs,hellion_bloodlust_u_damage_buff,
element_end
element_start,hellion_damage_buff_remover,Effect
m_Chance,1,
m_BuffRemoveAllTags,hellion_dmg,
m_IsVisible,False,
element_end
element_start,hellion_damage_buff_tier_1_e,Effect
m_Chance,1,
buffs,hellion_damage_buff_tier_1,
all_conditions,performer_health_under_50pct,
element_end
element_start,hellion_damage_buff_tier_2_e,Effect
m_Chance,1,
buffs,hellion_damage_buff_tier_2,
all_conditions,performer_health_under_25pct,
element_end
element_start,hellion_revelry_deathblow_resist_e,Effect
m_Chance,1,
buffs,hellion_revelry_deathblow_resist,
element_end
element_start,hellion_winded_damage_debuff_e,Effect
m_Chance,1,
m_IgnoreResist,True,
buffs,hellion_winded_damage_debuff,
element_end
element_start,hellion_winded_remover,Effect
m_Chance,1,
m_BuffRemoveAllTags,winded,
element_end
element_start,hellion_winded_speed_debuff_e,Effect
m_Chance,1,
m_IgnoreResist,True,
buffs,hellion_winded_speed_debuff,
element_end
element_start,herald_inversion_buff_e,Effect
m_Chance,1,
buffs,herald_inversion_buff,
element_end
element_start,hero_combat_recovery_e,Effect
m_Chance,1,
buffs,hero_combat_recovery,
element_end
element_start,hero_combat_recovery_heal,Effect
m_Chance,1,
m_HealthHealPercent,0.05,
m_CritChance,0.05,
m_CritMultiplier,0.5,
all_conditions,hero_combat_recovery_threshold,
element_end
element_start,hero_failure_kill_bark,Effect
m_Chance,1,
m_BarkId,hero_failure_kill,
m_IsVisible,False,
element_end
element_start,hero_failure_kill_bark_flg,Effect
m_Chance,1,
m_BarkId,hero_failure_kill,
all_conditions,target_is_flagellant,
m_IsVisible,False,
element_end
element_start,hero_failure_kill_bark_gr,Effect
m_Chance,1,
m_BarkId,hero_failure_kill,
all_conditions,target_is_grave_robber,
m_IsVisible,False,
element_end
element_start,hero_failure_kill_bark_hel,Effect
m_Chance,1,
m_BarkId,hero_failure_kill,
all_conditions,target_is_hellion,
m_IsVisible,False,
element_end
element_start,hero_failure_kill_bark_hwm,Effect
m_Chance,1,
m_BarkId,hero_failure_kill,
all_conditions,target_is_highwayman,
m_IsVisible,False,
element_end
element_start,hero_failure_kill_bark_jes,Effect
m_Chance,1,
m_BarkId,hero_failure_kill,
all_conditions,target_is_jester,
m_IsVisible,False,
element_end
element_start,hero_failure_kill_bark_lep,Effect
m_Chance,1,
m_BarkId,hero_failure_kill,
all_conditions,target_is_leper,
m_IsVisible,False,
element_end
element_start,hero_failure_kill_bark_maa,Effect
m_Chance,1,
m_BarkId,hero_failure_kill,
all_conditions,target_is_man_at_arms,
m_IsVisible,False,
element_end
element_start,hero_failure_kill_bark_occ,Effect
m_Chance,1,
m_BarkId,hero_failure_kill,
all_conditions,target_is_occultist,
m_IsVisible,False,
element_end
element_start,hero_failure_kill_bark_pd,Effect
m_Chance,1,
m_BarkId,hero_failure_kill,
all_conditions,target_is_plague_doctor,
m_IsVisible,False,
element_end
element_start,hero_failure_kill_bark_run,Effect
m_Chance,1,
m_BarkId,hero_failure_kill,
all_conditions,target_is_fire,
m_IsVisible,False,
element_end
element_start,hero_failure_kill_bark_ves,Effect
m_Chance,1,
m_BarkId,hero_failure_kill,
all_conditions,target_is_vestal,
m_IsVisible,False,
element_end
element_start,hero_ult_torch_gain,Effect
m_Chance,1,
torch,15,
element_end
element_start,herostory_embrace_leprosy_disease,Effect
m_Chance,1,
m_QuirkAddTag,leprosy,
m_QuirkAddAmount,1,
m_QuirkAddAmountRange,0,
m_IsVisible,False,
element_end
element_start,herostory_flg_1_bark_death_25pct,Effect
m_Chance,1,
m_BarkId,herostory_flg_1_death_25pct,
all_conditions,enemies_have_any_logic_b,performer_has_no_logic_b,
m_IsVisible,False,
element_end
element_start,herostory_flg_1_bark_death_50pct,Effect
m_Chance,1,
m_BarkId,herostory_flg_1_death_50pct,
all_conditions,enemies_have_any_logic_a,
m_IsVisible,False,
element_end
element_start,herostory_flg_1_bark_death_dd,Effect
m_Chance,1,
m_BarkId,herostory_flg_1_death_dd,
all_conditions,performer_has_1_logic_b,
m_IsVisible,False,
element_end
element_start,herostory_flg_1_bark_round_1,Effect
m_Chance,1,
m_BarkId,herostory_flg_1_round_1,
all_conditions,round_number_is_1,performer_has_logic_temporary,
m_IsVisible,False,
element_end
element_start,herostory_flg_1_bark_round_2,Effect
m_Chance,1,
m_BarkId,herostory_flg_1_round_2,
all_conditions,round_number_is_2,performer_has_logic_temporary,
m_IsVisible,False,
element_end
element_start,herostory_flg_death_bark_health_25pct_manager_e,Effect
m_Chance,1,
buffs,herostory_flg_death_bark_health_25pct_manager,
element_end
element_start,herostory_flg_death_bark_health_50pct_manager_e,Effect
m_Chance,1,
buffs,herostory_flg_death_bark_health_50pct_manager,
element_end
element_start,herostory_flg_toxic_res_break_e,Effect
m_Chance,1,
buffs,herostory_flg_toxic_res_break,
element_end
element_start,herostory_flg_toxic_stress_res_e,Effect
m_Chance,1,
buffs,herostory_flg_toxic_stress_res,
element_end
element_start,herostory_gr_1_bark_bombast,Effect
m_Chance,1,
m_BarkId,herostory_gr_1_bombast,
m_IsVisible,False,
element_end
element_start,herostory_gr_1_bark_deep_breaths,Effect
m_Chance,1,
m_BarkId,herostory_gr_1_deep_breaths,
m_IsVisible,False,
element_end
element_start,herostory_gr_1_bark_stupor,Effect
m_Chance,1,
m_BarkId,herostory_gr_1_stupor,
m_IsVisible,False,
element_end
element_start,herostory_gr_2_combat_start,Effect
m_Chance,1,
m_BarkId,herostory_gr_2_combat_start,
m_IsVisible,False,
element_end
element_start,herostory_gr_bark_coffin_guard,Effect
m_Chance,1,
m_BarkId,gr_open_guard_coffin_bark,
all_conditions,target_is_coffin_guard,
m_IsVisible,False,
element_end
element_start,herostory_gr_bark_coffin_husband,Effect
m_Chance,1,
m_BarkId,gr_open_husband_coffin_bark,
all_conditions,target_is_coffin_husband,
m_IsVisible,False,
element_end
element_start,herostory_gr_bark_coffin_trapped,Effect
m_Chance,1,
m_BarkId,gr_open_trapped_coffin_bark,
all_conditions,target_is_coffin_trapped,
m_IsVisible,False,
element_end
element_start,herostory_gr_bark_coffin_treasure,Effect
m_Chance,1,
m_BarkId,gr_open_treasure_coffin_bark,
all_conditions,target_is_treasure_coffin,
m_IsVisible,False,
element_end
element_start,herostory_gr_combat_1_add_1_threat_token,Effect
m_Chance,1,
m_TokenAddId,threat,
m_TokenAddAmount,1,
m_ShowValue,False,
element_end
element_start,herostory_gr_combat_1_add_poison_token,Effect
m_Chance,1,
m_TokenAddId,poisoned_drink,
m_TokenAddAmount,1,
m_ShowValue,False,
all_conditions,target_is_liquor_cabinet,
element_end
element_start,herostory_gr_combat_1_bombast_counter,Effect
m_Chance,1,
m_TokenRemoveId,threat,
m_TokenRemoveAmount,1,
m_ShowValue,False,
all_conditions,target_has_logic_a,
m_IsVisible,False,
element_end
element_start,herostory_gr_combat_1_drink_is_poisoned,Effect
m_Chance,1,
m_IgnoreResist,True,
m_DotAddId,very_large_blight_dot,
m_DotAddAmount,1,
all_conditions,herostory_gr_combat_1_check_poison_token,
element_end
element_start,herostory_gr_combat_1_remove_1_threat_token,Effect
m_Chance,1,
m_TokenRemoveId,threat,
m_TokenRemoveAmount,1,
m_ShowValue,False,
m_IsVisible,False,
element_end
element_start,herostory_gr_combat_1_remove_poison_token,Effect
m_Chance,1,
m_TokenRemoveId,poisoned_drink,
m_TokenRemoveAmount,1,
m_ShowValue,False,
element_end
element_start,herostory_gr_combat_1_stupor_counter,Effect
m_Chance,1,
m_TokenRemoveId,threat,
m_TokenRemoveAmount,1,
m_ShowValue,False,
all_conditions,target_has_count_1,
m_IsVisible,False,
element_end
element_start,herostory_gr_combat_1_tantrum_counter,Effect
m_Chance,1,
m_TokenRemoveId,threat,
m_TokenRemoveAmount,1,
m_ShowValue,False,
all_conditions,target_has_logic_b,
m_IsVisible,False,
element_end
element_start,herostory_gr_combat_1_threat_token_add_stress,Effect
m_Chance,1,
m_StressDamage,2,
all_conditions,herostory_gr_combat_1_check_threat_token,
element_end
element_start,herostory_hel_1_bark_clanmate_dead,Effect
m_Chance,1,
m_BarkId,herostory_hel_combat_1_clanmate_dead,
all_conditions,target_is_hellion,
m_IsVisible,False,
element_end
element_start,herostory_hel_1_bark_round_1,Effect
m_Chance,1,
m_BarkId,herostory_hel_1_round_1,
all_conditions,round_number_is_1,
m_IsVisible,False,
element_end
element_start,herostory_hel_1_bark_round_2,Effect
m_Chance,1,
m_BarkId,herostory_hel_1_round_2,
all_conditions,round_number_is_2,
m_IsVisible,False,
element_end
element_start,herostory_hel_1_bark_round_4,Effect
m_Chance,1,
m_BarkId,herostory_hel_1_round_3,
all_conditions,round_number_is_4,
m_IsVisible,False,
element_end
element_start,herostory_hel_2_bark_round_1,Effect
m_Chance,1,
m_BarkId,herostory_hel_2_round_1,
all_conditions,round_number_is_1,
m_IsVisible,False,
element_end
element_start,herostory_hel_clan_death_broadcast_e,Effect
m_Chance,1,
buffs,herostory_hel_clan_death_broadcast,
element_end
element_start,herostory_hel_combat_1_cower_bark,Effect
m_Chance,1,
m_BarkId,herostory_hel_combat_1_cower_bark,
m_IsVisible,False,
element_end
element_start,herostory_hel_combat_1_move_back,Effect
m_Chance,1,
m_IgnoreResist,True,
m_Move,1,
all_conditions,performer_is_in_rank_3,
m_IsVisible,False,
element_end
element_start,herostory_hel_combat_1_rally_bark,Effect
m_Chance,1,
m_BarkId,herostory_hel_combat_1_rally,
m_IsVisible,False,
element_end
element_start,herostory_hel_combat_1_summon_clanmate,Effect
m_Chance,1,
m_SummonClassActorId,herostory_hel_combat_1_clanmate,
m_SummonLocationType,FRONT,
m_SummonIfRoom,False,
all_conditions,hero_party_has_less_than_2_clanmates,
element_end
element_start,herostory_hel_combat_1_summon_clanmate_2,Effect
m_Chance,1,
m_SummonClassActorId,herostory_hel_combat_1_clanmate,
m_SummonLocationType,FRONT,
m_SummonIfRoom,False,
all_conditions,hero_party_has_no_clanmates,
m_IsVisible,False,
element_end
element_start,herostory_hel_combat_2_accusation_bark,Effect
m_Chance,0.33,
m_BarkId,herostory_hel_combat_2_accusation_bark,
element_end
element_start,herostory_hel_combat_2_apology_bark,Effect
m_Chance,1,
m_BarkId,herostory_hel_combat_2_apology_bark,
element_end
element_start,herostory_hel_combat_2_cower_bark,Effect
m_Chance,1,
m_BarkId,herostory_hel_combat_2_cower_bark,
m_IsVisible,False,
element_end
element_start,herostory_hel_combat_2_remove_logic_tokens_package,Effect
m_Chance,1,
buffs,herostory_hel_combat_2_remove_logic_tokens,
m_IsVisible,False,
element_end
element_start,herostory_hel_combat_2_summon_villager,Effect
m_Chance,1,
m_SummonClassActorId,herostory_hel_combat_2_villager,
m_SummonLocationType,BACK,
m_SummonIfRoom,False,
m_IsVisible,False,
element_end
element_start,herostory_hel_combat_2_throwveg_bark,Effect
m_Chance,0.33,
m_BarkId,herostory_hel_combat_2_throwveg_bark,
element_end
element_start,herostory_hel_friendly_death_listener_e,Effect
m_Chance,1,
buffs,herostory_hel_friendly_death_listener,
element_end
element_start,herostory_hwm_4_bark_combat_start,Effect
m_Chance,1,
m_BarkId,herostory_hwm_4_combat_start,
all_conditions,target_is_highwayman,
m_IsVisible,False,
element_end
element_start,herostory_hwm_4_bark_reinforcements,Effect
m_Chance,0.33,
m_BarkId,herostory_hwm_4_reinforcements,
all_conditions,target_is_highwayman,
m_IsVisible,False,
element_end
element_start,herostory_hwy_1_bark_alarm,Effect
m_Chance,0.5,
m_BarkId,herostory_hwy_1_alarm,
m_IsVisible,False,
element_end
element_start,herostory_hwy_1_bark_combat_start,Effect
m_Chance,1,
m_BarkId,herostory_hwy_1_combat_start,
all_conditions,performer_has_logic_temporary,
m_IsVisible,False,
element_end
element_start,herostory_hwy_1_bark_kill_guard,Effect
m_Chance,1,
m_BarkId,herostory_hwy_1_kill_guard,
m_IsVisible,False,
element_end
element_start,herostory_hwy_1_bark_warning,Effect
m_Chance,0.75,
m_BarkId,herostory_hwy_1_warning,
all_conditions,enemy_party_has_inhale_token,
m_IsVisible,False,
element_end
element_start,herostory_hwy_chap_1_add_1_inhale_token,Effect
m_Chance,1,
m_TokenAddId,inhale,
m_TokenAddAmount,1,
m_ShowValue,False,
element_end
element_start,herostory_hwy_chap_1_dodge_buff_e,Effect
m_Chance,1,
buffs,herostory_hwy_chap_1_round_start_dodge,
element_end
element_start,herostory_hwy_chap_1_remove_1_inhale,Effect
m_Chance,1,
m_TokenRemoveId,inhale,
m_TokenRemoveAmount,1,
m_ShowValue,False,
element_end
element_start,herostory_hwy_combat_2_coach_summon_a,Effect
m_Chance,1,
m_SummonClassActorId,herostory_hwy_combat_2_guard,
m_SummonLocationType,FRONT,
m_SummonIfRoom,False,
all_conditions,enemy_party_contains_1_guard_or_less,
element_end
element_start,herostory_hwy_combat_2_coach_summon_b,Effect
m_Chance,1,
m_SummonClassActorId,herostory_hwy_combat_2_guard,
m_SummonLocationType,FRONT,
m_SummonIfRoom,False,
all_conditions,enemy_party_contains_0_guards,
element_end
element_start,herostory_jes_1_bark_enemy_break,Effect
m_Chance,1,
m_BarkId,herostory_jes_1_enemy_break,
m_IsVisible,False,
element_end
element_start,herostory_jes_1_bark_enemy_chorus,Effect
m_Chance,1,
m_BarkId,herostory_jes_1_enemy_chorus,
m_IsVisible,False,
element_end
element_start,herostory_jes_1_bark_enemy_riposte,Effect
m_Chance,1,
m_BarkId,herostory_jes_1_enemy_riposte,
m_IsVisible,False,
element_end
element_start,herostory_jes_1_bark_enemy_verse,Effect
m_Chance,1,
m_BarkId,herostory_jes_1_enemy_verse,
m_IsVisible,False,
element_end
element_start,herostory_jes_2_bark_combat_start,Effect
m_Chance,1,
m_BarkId,herostory_jes_2_combat_start,
m_IsVisible,False,
element_end
element_start,herostory_lep_1_bark_advisor_attack,Effect
m_Chance,0.66,
m_BarkId,herostory_lep_1_advisor_attack,
m_IsVisible,False,
element_end
element_start,herostory_lep_1_bark_combat_end,Effect
m_Chance,1,
m_BarkId,herostory_lep_1_combat_end,
m_IsVisible,False,
element_end
element_start,herostory_lep_1_bark_combat_start,Effect
m_Chance,1,
m_BarkId,herostory_lep_1_combat_start,
m_IsVisible,False,
element_end
element_start,herostory_lep_1_bark_wail,Effect
m_Chance,0.66,
m_BarkId,herostory_lep_1_wail,
m_IsVisible,False,
element_end
element_start,herostory_lep_2_bark_combat_start,Effect
m_Chance,1,
m_BarkId,herostory_lep_2_combat_start,
m_IsVisible,False,
element_end
element_start,herostory_leper_instant_kill_with_greater_1_supplicant,Effect
m_Chance,1,
m_IgnoreResist,True,
m_IsKill,True,
m_IsKillDeathClassValid,True,
all_conditions,monsters_more_than_1_supplicant,
m_IsVisible,False,
element_end
element_start,herostory_maa_1_bark_round_1,Effect
m_Chance,1,
m_BarkId,herostory_maa_1_round_1,
all_conditions,round_number_is_1,
m_IsVisible,False,
element_end
element_start,herostory_maa_1_bark_round_2,Effect
m_Chance,1,
m_BarkId,herostory_maa_1_round_2,
all_conditions,round_number_is_2,
m_IsVisible,False,
element_end
element_start,herostory_maa_1_bark_round_3,Effect
m_Chance,1,
m_BarkId,herostory_maa_1_round_3,
all_conditions,round_number_is_3,
m_IsVisible,False,
element_end
element_start,herostory_maa_1_bark_round_4,Effect
m_Chance,1,
m_BarkId,herostory_maa_1_round_4,
all_conditions,round_number_is_4,
m_IsVisible,False,
element_end
element_start,herostory_maa_friendly_death_listener_e,Effect
m_Chance,1,
buffs,herostory_maa_friendly_death_listener,
element_end
element_start,herostory_maa_hostile_guard_death_listener_e,Effect
m_Chance,1,
buffs,herostory_maa_hostile_guard_death_listener,
element_end
element_start,herostory_maa_summon_enemy_guard,Effect
m_Chance,1,
m_SummonClassActorId,herostory_maa_combat_1_soldier_enemy,
m_SummonLocationType,BACK,
m_SummonIfRoom,True,
element_end
element_start,herostory_occ_1_bark_turn_start,Effect
m_Chance,1,
m_BarkId,herostory_occ_1_turn_start,
m_IsVisible,False,
element_end
element_start,herostory_occ_2_bark_boundary,Effect
m_Chance,1,
m_BarkId,herostory_occ_2_boundary,
m_IsVisible,False,
element_end
element_start,herostory_occ_2_bark_burning_stars,Effect
m_Chance,1,
m_BarkId,herostory_occ_2_burning_stars,
m_IsVisible,False,
element_end
element_start,herostory_occ_2_bark_channel_strength,Effect
m_Chance,1,
m_BarkId,herostory_occ_2_channel_strength,
m_IsVisible,False,
element_end
element_start,herostory_occ_2_bark_combat_start,Effect
m_Chance,1,
m_BarkId,herostory_occ_2_combat_start,
m_IsVisible,False,
element_end
element_start,herostory_occ_2_bark_mind_over_matter,Effect
m_Chance,1,
m_BarkId,herostory_occ_2_mind_over_matter,
m_IsVisible,False,
element_end
element_start,herostory_occ_2_bark_prepare_the_host,Effect
m_Chance,1,
m_BarkId,herostory_occ_2_prepare_the_host,
m_IsVisible,False,
element_end
element_start,herostory_pd_1_bark_conclusion,Effect
m_Chance,1,
m_BarkId,herostory_pd_1_conclusion,
all_conditions,target_has_no_logic_b,
m_IsVisible,False,
element_end
element_start,herostory_pd_1_bark_failed_rebuttle,Effect
m_Chance,1,
m_BarkId,herostory_pd_1_failed_rebuttle,
m_IsVisible,False,
element_end
element_start,herostory_pd_1_bark_lecture,Effect
m_Chance,1,
m_BarkId,herostory_pd_1_lecture,
all_conditions,target_has_no_logic_a,
m_IsVisible,False,
element_end
element_start,herostory_pd_add_1_coughing_fit,Effect
m_Chance,1,
m_TokenAddId,coughing_fit,
m_TokenAddAmount,1,
m_ShowValue,False,
all_conditions,target_has_no_logic_a,
m_IsVisible,False,
element_end
element_start,herostory_pd_combat_1_prof_coughing_bark,Effect
m_Chance,1,
m_BarkId,bark_herostory_pd_ch_2_prof_cough,
all_conditions,performer_has_coughing_fit_token,
element_end
element_start,herostory_pd_combat_2_ghoul_prof_wail_bark,Effect
m_Chance,1,
m_BarkId,herostory_pd_combat_2_ghoul_prof_wail_bark,
element_end
element_start,herostory_pd_combat_2_ghoul_prof_wail_bleed,Effect
m_Chance,1,
m_IgnoreResist,True,
m_DotAddId,very_small_bleed_dot,
m_DotAddAmount,1,
element_end
element_start,herostory_pd_combat_2_miraculous_surgery_heal,Effect
m_Chance,1,
m_HealthHealPercent,0.5,
m_CritChance,0.05,
m_CritMultiplier,0.5,
m_HealthHealPercentRange,0.25,
element_end
element_start,herostory_pd_combat_2_restrain_bark,Effect
m_Chance,1,
m_BarkId,herostory_pd_combat_2_restrain_bark,
m_IsVisible,False,
element_end
element_start,herostory_pd_combat_2_scalpelstab_bark,Effect
m_Chance,1,
m_BarkId,herostory_pd_combat_2_scalpelstab_bark,
m_IsVisible,False,
element_end
element_start,herostory_pd_combat_2_stitch_bark,Effect
m_Chance,1,
m_BarkId,herostory_pd_combat_2_stitch_bark,
m_IsVisible,False,
element_end
element_start,herostory_pd_combat_2_stitch_fake_cure,Effect
m_Chance,1,
m_IgnoreResist,True,
m_DotRemoveAllTypes,bleed,
all_conditions,always_return_false_hidden,
element_end
element_start,herostory_pd_combat_2_stitch_heal,Effect
m_Chance,1,
m_HealthHealPercent,0.15,
m_CritChance,0.05,
m_CritMultiplier,0.5,
m_HealthHealPercentRange,0.05,
element_end
element_start,herostory_pd_combat_2_wail_bark,Effect
m_Chance,1,
m_BarkId,herostory_pd_combat_2_wail,
all_conditions,round_number_is_1,
m_IsVisible,False,
element_end
element_start,herostory_pd_remove_1_coughing_fit,Effect
m_Chance,1,
m_TokenRemoveId,coughing_fit,
m_TokenRemoveAmount,1,
m_ShowValue,False,
element_end
element_start,herostory_run_1_bark_combat_start,Effect
m_Chance,1,
m_BarkId,herostory_run_1_combat_start,
m_IsVisible,False,
element_end
element_start,herostory_run_2_bark_combat_start,Effect
m_Chance,1,
m_BarkId,herostory_run_2_combat_start,
m_IsVisible,False,
element_end
element_start,herostory_run_2_bark_fuel,Effect
m_Chance,1,
m_BarkId,herostory_run_2_fuel,
m_IsVisible,False,
element_end
element_start,herostory_run_2_bark_smother,Effect
m_Chance,1,
m_BarkId,herostory_run_2_smother,
m_IsVisible,False,
element_end
element_start,herostory_run_2_bark_spark,Effect
m_Chance,1,
m_BarkId,herostory_run_2_spark,
m_IsVisible,False,
element_end
element_start,herostory_ves_1_bark_collect_kindling,Effect
m_Chance,0.5,
m_BarkId,herostory_ves_1_collect_kindling,
m_IsVisible,False,
element_end
element_start,herostory_ves_1_bark_flame_kindled,Effect
m_Chance,1,
m_BarkId,herostory_ves_1_flame_kindled,
m_IsVisible,False,
element_end
element_start,herostory_ves_1_bark_window_active,Effect
m_Chance,1,
m_BarkId,herostory_ves_1_window_active,
all_conditions,enemy_party_has_any_vestal_window,performer_has_logic_temporary,
m_IsVisible,False,
element_end
element_start,herostory_ves_1_bark_window_missed,Effect
m_Chance,0.67,
m_BarkId,herostory_ves_1_window_missed,
all_conditions,enemy_party_has_any_vestal_window,
m_IsVisible,False,
element_end
element_start,herostory_ves_1_bark_window_missed_alt,Effect
m_Chance,1,
m_BarkId,herostory_ves_1_window_missed,
all_conditions,enemy_party_has_any_vestal_window,
m_IsVisible,False,
element_end
element_start,herostory_ves_1_bark_window_used_1,Effect
m_Chance,1,
m_BarkId,herostory_ves_1_window_used_1,
all_conditions,performer_has_no_vestal_curiosity,
m_IsVisible,False,
element_end
element_start,herostory_ves_1_bark_window_used_2,Effect
m_Chance,1,
m_BarkId,herostory_ves_1_window_used_2,
all_conditions,performer_has_1_vestal_curiosity,
m_IsVisible,False,
element_end
element_start,herostory_ves_1_bark_window_used_3,Effect
m_Chance,1,
m_BarkId,herostory_ves_1_window_used_3,
all_conditions,performer_has_2_vestal_curiosity,
m_IsVisible,False,
element_end
element_start,herostory_ves_1_window_darken,Effect
m_Chance,1,
m_ChangeClassActorId,herostory_ves_1_window,
m_AddTurn,0,
all_conditions,performer_is_vestal_window_lit,
m_IsVisible,False,
element_end
element_start,herostory_ves_1_window_darken_target,Effect
m_Chance,1,
m_ChangeClassActorId,herostory_ves_1_window,
m_AddTurn,0,
all_conditions,target_is_vestal_window_lit,
m_IsVisible,False,
element_end
element_start,herostory_ves_1_window_light,Effect
m_Chance,1,
m_ChangeClassActorId,herostory_ves_1_window_lit,
m_AddTurn,0,
all_conditions,performer_is_vestal_window_dark,performer_has_0_count,performer_has_no_logic_a,
element_end
element_start,herostory_ves_2_bark_gain_conviction,Effect
m_Chance,1,
m_BarkId,herostory_ves_2_gain_conviction,
all_conditions,performer_has_glimmer,
m_IsVisible,False,
element_end
element_start,herostory_ves_2_bark_light_shines,Effect
m_Chance,1,
m_BarkId,herostory_ves_2_light_shines,
all_conditions,combat_not_in_first_round,
m_IsVisible,False,
element_end
element_start,herostory_ves_2_bark_torturer_defense,Effect
m_Chance,1,
m_BarkId,herostory_ves_2_torturer_defense,
all_conditions,target_is_vestal_origin_2,
m_IsVisible,False,
element_end
element_start,herostory_ves_2_bark_use_judgement,Effect
m_Chance,1,
m_BarkId,herostory_ves_2_use_judgement,
m_IsVisible,False,
element_end
element_start,herostory_ves_2_bark_win,Effect
m_Chance,1,
m_BarkId,herostory_ves_2_win,
m_IsVisible,False,
element_end
element_start,hopeful_bleed_resist_effect,Effect
m_Chance,1,
buffs,hopeful_bleed_resist_buff,
element_end
element_start,hopeful_blight_resist_effect,Effect
m_Chance,1,
buffs,hopeful_blight_resist_buff,
element_end
element_start,hopeful_burn_resist_effect,Effect
m_Chance,1,
buffs,hopeful_burn_resist_buff,
element_end
element_start,hopeful_deathblow_resist_effect,Effect
m_Chance,1,
buffs,hopeful_deathblow_resist_buff,
element_end
element_start,hopeful_debuff_resist_effect,Effect
m_Chance,1,
buffs,hopeful_debuff_resist_buff,
element_end
element_start,hopeful_disease_resist_effect,Effect
m_Chance,1,
buffs,hopeful_disease_resist_buff,
element_end
element_start,hopeful_move_resist_effect,Effect
m_Chance,1,
buffs,hopeful_move_resist_buff,
element_end
element_start,hopeful_stun_resist_effect,Effect
m_Chance,1,
buffs,hopeful_stun_resist_buff,
element_end
element_start,hot_heal_large,Effect
m_Chance,1,
m_DotAddId,heal_hot_large,
m_DotAddAmount,1,
element_end
element_start,hot_heal_massive,Effect
m_Chance,1,
m_DotAddId,heal_hot_massive,
m_DotAddAmount,1,
element_end
element_start,hot_heal_massive_low_confession,Effect
m_Chance,1,
m_DotAddId,heal_hot_massive,
m_DotAddAmount,1,
any_conditions,run_boss_is_brain,run_boss_is_lungs,
element_end
element_start,hot_heal_medium,Effect
m_Chance,1,
m_DotAddId,heal_hot_medium,
m_DotAddAmount,1,
element_end
element_start,hot_heal_small,Effect
m_Chance,1,
m_DotAddId,heal_hot_small,
m_DotAddAmount,1,
element_end
element_start,hot_heal_small_15pct,Effect
m_Chance,0.15,
m_DotAddId,heal_hot_small,
m_DotAddAmount,1,
element_end
element_start,hot_heal_small_20pct,Effect
m_Chance,0.2,
m_DotAddId,heal_hot_small,
m_DotAddAmount,1,
element_end
element_start,hot_heal_small_33pct,Effect
m_Chance,0.33,
m_DotAddId,heal_hot_small,
m_DotAddAmount,1,
element_end
element_start,hot_heal_small_if_dmgdot,Effect
m_Chance,1,
m_DotAddId,heal_hot_small,
m_DotAddAmount,1,
all_conditions,performer_has_dmgdot,
element_end
element_start,hot_heal_small_if_stunned,Effect
m_Chance,1,
m_DotAddId,heal_hot_small,
m_DotAddAmount,1,
all_conditions,target_has_stun_token,
element_end
element_start,hot_heal_small_pd_emboldening_vapours,Effect
m_Chance,1,
m_DotAddId,heal_hot_small,
m_DotAddAmount,1,
all_conditions,skill_is_pd_emboldening_vapours,
element_end
element_start,hot_heal_super_massive_high_confession,Effect
m_Chance,1,
m_DotAddId,heal_hot_super_massive,
m_DotAddAmount,1,
any_conditions,run_boss_is_eyes,run_boss_is_arms,run_boss_is_body,
element_end
element_start,hot_heal_very_large,Effect
m_Chance,1,
m_DotAddId,heal_hot_very_large,
m_DotAddAmount,1,
element_end
element_start,hot_heal_very_small,Effect
m_Chance,1,
m_DotAddId,heal_hot_very_small,
m_DotAddAmount,1,
element_end
element_start,hs_hel_combat_1_rally_bark,Effect
m_Chance,1,
m_BarkId,herostory_hel_combat_1_rally,
m_IsVisible,False,
element_end
element_start,hs_jester_finale_damage,Effect
m_Chance,1,
m_IsKill,True,
m_IsKillDeathClassValid,True,
all_conditions,target_has_violinist_riposte_finale,
m_IsVisible,False,
element_end
element_start,hs_jester_solo_damage,Effect
m_Chance,1,
m_HealthDamageAmount,30,
all_conditions,performer_has_1_logic_a,
m_IsVisible,False,
element_end
element_start,hwy_signature_item_effect,Effect
m_Chance,0.05,
m_LootIds,morbid_joke_inn,
element_end
element_start,hwy_story_combat_adv,Effect
m_Chance,1,
m_TokenAddId,crit,
m_TokenAddAmount,1,
m_ShowValue,False,
element_end
element_start,ignite_target_blind_shaman,Effect
m_Chance,1,
m_ChangeClassActorId,fanatic_blind_shaman_ignited,
m_AddTurn,0,
all_conditions,target_is_fanatic_blind_shaman,
element_end
element_start,ignite_target_flayer,Effect
m_Chance,1,
m_ChangeClassActorId,fanatic_flayer_ignited,
m_AddTurn,0,
all_conditions,target_is_fanatic_flayer,
element_end
element_start,ignite_target_whipper,Effect
m_Chance,1,
m_ChangeClassActorId,fanatic_whipper_ignited,
m_AddTurn,0,
all_conditions,target_is_fanatic_whipper,
element_end
element_start,ignored_token_mace_bash_remove_1_block,Effect
m_Chance,1,
m_TokenRemoveId,block,
m_TokenRemoveAmount,1,
m_ShowValue,False,
all_conditions,target_has_no_block_plus,performer_has_2_plus_conviction,
m_IsVisible,False,
element_end
element_start,ignored_token_mace_bash_remove_1_block_plus,Effect
m_Chance,1,
m_TokenRemoveId,block_plus,
m_TokenRemoveAmount,1,
m_ShowValue,False,
m_IsVisible,False,
element_end
element_start,ignored_token_mace_bash_remove_1_dodge,Effect
m_Chance,1,
m_TokenRemoveId,dodge,
m_TokenRemoveAmount,1,
m_ShowValue,False,
all_conditions,target_has_no_dodge_plus_token,performer_has_2_plus_conviction,
m_IsVisible,False,
element_end
element_start,ignored_token_mace_bash_remove_1_dodge_plus,Effect
m_Chance,1,
m_TokenRemoveId,dodge_plus,
m_TokenRemoveAmount,1,
m_ShowValue,False,
m_IsVisible,False,
element_end
element_start,ignored_token_mace_bash_remove_1_guard,Effect
m_Chance,1,
m_TokenRemoveId,guard,
m_TokenRemoveAmount,1,
m_ShowValue,False,
all_conditions,performer_has_2_plus_conviction,
m_IsVisible,False,
element_end
element_start,ignored_token_remove_1_blind,Effect
m_Chance,1,
m_TokenRemoveId,blind,
m_TokenRemoveAmount,1,
m_ShowValue,False,
m_IsVisible,False,
element_end
element_start,ignored_token_remove_1_blind_if_target_combo,Effect
m_Chance,1,
m_TokenRemoveId,blind,
m_TokenRemoveAmount,1,
m_ShowValue,False,
all_conditions,target_is_combo_primed,
m_IsVisible,False,
element_end
element_start,ignored_token_remove_1_block,Effect
m_Chance,1,
m_TokenRemoveId,block,
m_TokenRemoveAmount,1,
m_ShowValue,False,
all_conditions,target_has_no_block_plus,
m_IsVisible,False,
element_end
element_start,ignored_token_remove_1_block_if_stealth,Effect
m_Chance,1,
m_TokenRemoveId,block,
m_TokenRemoveAmount,1,
m_ShowValue,False,
all_conditions,performer_has_stealth,target_has_no_block_plus,
m_IsVisible,False,
element_end
element_start,ignored_token_remove_1_block_plus,Effect
m_Chance,1,
m_TokenRemoveId,block_plus,
m_TokenRemoveAmount,1,
m_ShowValue,False,
m_IsVisible,False,
element_end
element_start,ignored_token_remove_1_block_plus_if_stealth,Effect
m_Chance,1,
m_TokenRemoveId,block_plus,
m_TokenRemoveAmount,1,
m_ShowValue,False,
all_conditions,performer_has_stealth,
m_IsVisible,False,
element_end
element_start,ignored_token_remove_1_dodge,Effect
m_Chance,1,
m_TokenRemoveId,dodge,
m_TokenRemoveAmount,1,
m_ShowValue,False,
all_conditions,target_has_no_dodge_plus_token,
m_IsVisible,False,
element_end
element_start,ignored_token_remove_1_dodge_if_stealth,Effect
m_Chance,1,
m_TokenRemoveId,dodge,
m_TokenRemoveAmount,1,
m_ShowValue,False,
all_conditions,performer_has_stealth,target_has_no_dodge_plus_token,
m_IsVisible,False,
element_end
element_start,ignored_token_remove_1_dodge_if_target_combo,Effect
m_Chance,1,
m_TokenRemoveId,dodge,
m_TokenRemoveAmount,1,
m_ShowValue,False,
all_conditions,target_is_combo_primed,target_has_no_dodge_plus_token,
m_IsVisible,False,
element_end
element_start,ignored_token_remove_1_dodge_plus,Effect
m_Chance,1,
m_TokenRemoveId,dodge_plus,
m_TokenRemoveAmount,1,
m_ShowValue,False,
m_IsVisible,False,
element_end
element_start,ignored_token_remove_1_dodge_plus_if_stealth,Effect
m_Chance,1,
m_TokenRemoveId,dodge_plus,
m_TokenRemoveAmount,1,
m_ShowValue,False,
all_conditions,performer_has_stealth,
m_IsVisible,False,
element_end
element_start,ignored_token_remove_1_dodge_plus_if_target_combo,Effect
m_Chance,1,
m_TokenRemoveId,dodge_plus,
m_TokenRemoveAmount,1,
m_ShowValue,False,
all_conditions,target_is_combo_primed,
m_IsVisible,False,
element_end
element_start,ignored_token_remove_1_guard,Effect
m_Chance,1,
m_TokenRemoveId,guard,
m_TokenRemoveAmount,1,
m_ShowValue,False,
m_IsVisible,False,
element_end
element_start,immolatist_fire_flay_burn,Effect
m_Chance,1,
m_DotAddId,medium_burn_dot,
m_DotAddAmount,1,
element_end
element_start,immolatist_flaming_lasso_burn,Effect
m_Chance,1,
m_DotAddId,small_burn_dot,
m_DotAddAmount,1,
element_end
element_start,inn_circus_effect,Effect
m_Chance,1,
buffs,Inn_circus_pos_token_buff,
element_end
element_start,inn_crit_buff_effect,Effect
m_Chance,1,
buffs,inn_crit_buff,
element_end
element_start,inn_dmg_vs_cosmic,Effect
m_Chance,1,
buffs,inn_dmg_vs_cosmic,
element_end
element_start,inn_dmg_vs_gaunts,Effect
m_Chance,1,
buffs,inn_dmg_vs_gaunts,
element_end
element_start,inn_dmg_vs_pillagers,Effect
m_Chance,1,
buffs,inn_dmg_vs_pillagers,
element_end
element_start,inn_neg_affinity_effect,Effect
m_Chance,1,
buffs,inn_neg_affinity_buff,
element_end
element_start,inn_pos_affinity_effect,Effect
m_Chance,1,
buffs,inn_pos_affinity_buff,
element_end
element_start,inn_stressful_rest_application_effect,Effect
m_Chance,1,
buffs,inn_stressful_rest_buff,
m_IsVisible,False,
element_end
element_start,inn_stressful_rest_internal_effect,Effect
m_Chance,1,
m_StressDamage,2,
element_end
element_start,instant_kill,Effect
m_Chance,1,
m_IsKill,True,
m_IsKillDeathClassValid,True,
element_end
element_start,instant_kill_hidden,Effect
m_Chance,1,
m_IsKill,True,
m_IsKillDeathClassValid,True,
m_IsVisible,False,
element_end
element_start,instant_kill_murder_weapon,Effect
m_Chance,0.15,
m_IsKill,True,
m_IsKillDeathClassValid,True,
all_conditions,target_is_not_boss_hidden,
element_end
element_start,instant_kill_not_trapped_coffin,Effect
m_Chance,1,
m_IsKill,True,
m_IsKillDeathClassValid,True,
all_conditions,target_not_trapped_coffin,
m_IsVisible,False,
element_end
element_start,invert_all_block,Effect
m_Chance,1,
m_TokenConvertFromTokenIds,block,
m_TokenConvertToId,vulnerable,
m_TokenConvertAmount,99,
element_end
element_start,invert_all_block_plus,Effect
m_Chance,1,
m_TokenConvertFromTokenIds,block_plus,
m_TokenConvertToId,vulnerable,
m_TokenConvertAmount,99,
element_end
element_start,invert_all_daze,Effect
m_Chance,1,
m_TokenConvertFromTokenIds,daze,
m_TokenConvertToId,speed,
m_TokenConvertAmount,99,
element_end
element_start,invert_all_dodge,Effect
m_Chance,1,
m_TokenConvertFromTokenIds,dodge,
m_TokenConvertToId,blind,
m_TokenConvertAmount,99,
element_end
element_start,invert_all_dodge_plus,Effect
m_Chance,1,
m_TokenConvertFromTokenIds,dodge_plus,
m_TokenConvertToId,blind,
m_TokenConvertAmount,99,
element_end
element_start,invert_all_speed,Effect
m_Chance,1,
m_TokenConvertFromTokenIds,speed,
m_TokenConvertToId,daze,
m_TokenConvertAmount,99,
element_end
element_start,invert_all_strength_x,Effect
m_Chance,1,
m_TokenConvertFromTokenIds,strength,
m_TokenConvertToId,weak,
m_TokenConvertAmount,99,
element_end
element_start,item_effect_ablative_powders,Effect
m_Chance,1,
buffs,item_basic_burn_resist,
element_end
element_start,item_effect_armor_repair_kit,Effect
m_Chance,1,
buffs,buff_item_armor_repair_kit,
element_end
element_start,item_effect_bleed_res_debuff,Effect
m_Chance,1,
buffs,item_basic_bleed_resist_debuff,
element_end
element_start,item_effect_blight_res_debuff,Effect
m_Chance,1,
buffs,item_basic_blight_resist_debuff,
element_end
element_start,item_effect_block,Effect
m_Chance,1,
buffs,buff_item_block,
element_end
element_start,item_effect_block_plus,Effect
m_Chance,1,
buffs,buff_item_armor_repair_kit,
element_end
element_start,item_effect_book_desert,Effect
m_Chance,1,
buffs,buff_item_book_desert,
element_end
element_start,item_effect_book_insults,Effect
m_Chance,1,
buffs,buff_item_book_insults,
element_end
element_start,item_effect_book_parries,Effect
m_Chance,1,
buffs,buff_item_book_parries,
element_end
element_start,item_effect_boxing_gloves,Effect
m_Chance,1,
buffs,buff_item_boxing_gloves,
element_end
element_start,item_effect_burn_res_debuff,Effect
m_Chance,1,
buffs,item_basic_burn_resist_debuff,
element_end
element_start,item_effect_clarifying_poultice,Effect
m_Chance,1,
buffs,buff_item_clarifying_poultice,
element_end
element_start,item_effect_clotting_poultice,Effect
m_Chance,1,
buffs,buff_item_clotting_poultice,
element_end
element_start,item_effect_clotting_powders,Effect
m_Chance,1,
buffs,item_basic_bleed_resist,
element_end
element_start,item_effect_crit,Effect
m_Chance,1,
buffs,buff_item_whetstone,
element_end
element_start,item_effect_crows_feet_move_resist_debuff,Effect
m_Chance,1,
buffs,item_crows_feet_move_resist_debuff,
element_end
element_start,item_effect_crows_feet_speed_debuff,Effect
m_Chance,1,
buffs,item_crows_feet_speed_debuff,
element_end
element_start,item_effect_death_cap_spores,Effect
m_Chance,1,
buffs,item_deathblow_resist_debuff,
element_end
element_start,item_effect_dart_board,Effect
m_Chance,1,
buffs,buff_item_dart_board,
element_end
element_start,item_effect_dodge,Effect
m_Chance,1,
buffs,buff_item_speed_bag,
element_end
element_start,item_effect_drum,Effect
m_Chance,1,
buffs,buff_item_drum,
element_end
element_start,item_effect_fire_bomb_burn,Effect
m_Chance,1,
m_DotAddId,large_burn_dot,
m_DotAddAmount,1,
element_end
element_start,item_effect_fire_grenade_burn,Effect
m_Chance,1,
m_DotAddId,small_burn_dot,
m_DotAddAmount,1,
element_end
element_start,item_effect_fishermans_net_debuff,Effect
m_Chance,1,
buffs,item_fishermans_net_speed_debuff,
element_end
element_start,item_effect_food_debuff_speed,Effect
m_Chance,1,
buffs,buff_item_food_debuff_speed,
element_end
element_start,item_effect_food_buff_speed,Effect
m_Chance,1,
buffs,buff_item_food_buff_speed,
element_end
element_start,item_effect_food_dysentry_chance,Effect
m_Chance,0.05,
quirks,disease_dysentery,
element_end
element_start,item_effect_food_max_hp_buff_large,Effect
m_Chance,1,
buffs,buff_item_food_maxhp_buff_large,
element_end
element_start,item_effect_food_max_hp_buff_med,Effect
m_Chance,1,
buffs,buff_item_food_maxhp_buff_med,
element_end
element_start,item_effect_food_max_hp_buff_small,Effect
m_Chance,1,
buffs,buff_item_food_maxhp_buff_small,
element_end
element_start,item_effect_food_max_hp_buff_very_large,Effect
m_Chance,1,
buffs,buff_item_food_maxhp_buff_very_large,
element_end
element_start,item_effect_food_resist_buff_bleed,Effect
m_Chance,1,
buffs,buff_item_food_resist_buff_bleed,
element_end
element_start,item_effect_food_resist_buff_bleed_10pct,Effect
m_Chance,1,
buffs,buff_item_food_resist_buff_bleed_10pct,
element_end
element_start,item_effect_food_resist_buff_blight,Effect
m_Chance,1,
buffs,buff_item_food_resist_buff_blight,
element_end
element_start,item_effect_food_resist_buff_blight_10pct,Effect
m_Chance,1,
buffs,buff_item_food_resist_buff_blight_10pct,
element_end
element_start,item_effect_food_resist_buff_burn,Effect
m_Chance,1,
buffs,buff_item_food_resist_buff_burn,
element_end
element_start,item_effect_food_resist_buff_burn_10pct,Effect
m_Chance,1,
buffs,buff_item_food_resist_buff_burn_10pct,
element_end
element_start,item_effect_food_resist_buff_debuff,Effect
m_Chance,1,
buffs,buff_item_food_resist_buff_debuff,
element_end
element_start,item_effect_food_resist_buff_debuff_10pct,Effect
m_Chance,1,
buffs,buff_item_food_resist_buff_debuff_10pct,
element_end
element_start,item_effect_food_resist_buff_disease,Effect
m_Chance,1,
buffs,buff_item_food_resist_buff_disease,
element_end
element_start,item_effect_food_resist_buff_move,Effect
m_Chance,1,
buffs,buff_item_food_resist_buff_move,
element_end
element_start,item_effect_food_resist_buff_stun,Effect
m_Chance,1,
buffs,buff_item_food_resist_buff_stun,
element_end
element_start,item_effect_food_resist_disease,Effect
m_Chance,1,
buffs,debuff_item_food_resist_disease,
element_end
element_start,item_effect_food_robust_chance,Effect
m_Chance,0.05,
quirks,quirk_robust_pos,
element_end
element_start,item_effect_guided_meditation,Effect
m_Chance,1,
buffs,buff_item_guided_meditation,
element_end
element_start,item_effect_holy_hymnal,Effect
m_Chance,1,
buffs,buff_item_holy_hymnal,
element_end
element_start,item_effect_impermeable_poultice,Effect
m_Chance,1,
buffs,buff_item_impemeable_poultice,
element_end
element_start,item_effect_improvised_strategy,Effect
m_Chance,1,
buffs,buff_item_improvised_strategy,
element_end
element_start,item_effect_invigorating_intoxicant,Effect
m_Chance,1,
buffs,item_basic_deathblow_resist,
element_end
element_start,item_effect_invigorating_intoxicant_crit,Effect
m_Chance,1,
buffs,item_invigorating_intoxicant_crit_buff,
element_end
element_start,item_effect_invigorating_intoxicant_spd,Effect
m_Chance,1,
buffs,item_invigorating_intoxicant_spd_buff,
element_end
element_start,item_effect_linseed_oil,Effect
m_Chance,1,
buffs,item_linseed_oil_move_resist_debuff,
element_end
element_start,item_effect_neutralizing_powders,Effect
m_Chance,1,
buffs,item_basic_blight_resist,
element_end
element_start,item_effect_nightshade_concoction,Effect
m_Chance,1,
buffs,buff_item_nightshade_concoction,
element_end
element_start,item_effect_oddly_tuned_lute,Effect
m_Chance,1,
buffs,buff_item_oddly_tuned_lute,
element_end
element_start,item_effect_pain_box_01,Effect
m_Chance,0.33,
buffs,buff_item_pain_box_01,
element_end
element_start,item_effect_pain_box_02,Effect
m_Chance,0.33,
buffs,buff_item_pain_box_02,
element_end
element_start,item_effect_pain_box_03,Effect
m_Chance,0.33,
buffs,buff_item_pain_box_03,
element_end
element_start,item_effect_precious_collection_1,Effect
m_Chance,1,
buffs,buff_item_precious_collection_1,
element_end
element_start,item_effect_precious_collection_2,Effect
m_Chance,1,
buffs,buff_item_precious_collection_2,
element_end
element_start,item_effect_pyrotechnic_dazzler_debuff,Effect
m_Chance,1,
buffs,item_pyrotechnic_dazzler_speed_debuff,
element_end
element_start,item_effect_restorative_herbs_1,Effect
m_Chance,1,
buffs,buff_item_restorative_herbs_1,
element_end
element_start,item_effect_restorative_herbs_2,Effect
m_Chance,1,
buffs,buff_item_restorative_herbs_2,
element_end
element_start,item_effect_shimmering_powder_buff,Effect
m_Chance,1,
buffs,item_shimmering_powder_speed_buff,
element_end
element_start,item_effect_smelling_salts_buff,Effect
m_Chance,1,
buffs,item_smelling_salts_speed_buff,
element_end
element_start,item_effect_songbook_speed,Effect
m_Chance,1,
buffs,buff_item_songbook_speed,
element_end
element_start,item_effect_soothing_poultice,Effect
m_Chance,1,
buffs,buff_item_soothing_poultice,
element_end
element_start,item_effect_speed,Effect
m_Chance,1,
buffs,nextcamp_speed_3,
element_end
element_start,item_effect_speed_bag,Effect
m_Chance,1,
buffs,buff_item_speed_bag,
element_end
element_start,item_effect_stew,Effect
m_Chance,1,
buffs,buff_item_stew,
element_end
element_start,item_effect_stimulants,Effect
m_Chance,1,
buffs,item_stimulants_speed_buff,
element_end
element_start,item_effect_stimulating_poultice,Effect
m_Chance,1,
buffs,buff_item_stimulating_poultice,
element_end
element_start,item_effect_strength,Effect
m_Chance,1,
buffs,buff_item_tug_rope,
element_end
element_start,item_effect_tar_filled_colambre_1,Effect
m_Chance,1,
buffs,buff_item_tar_filled_colambre_1,
element_end
element_start,item_effect_tar_filled_colambre_2,Effect
m_Chance,1,
buffs,buff_item_tar_filled_colambre_2,
element_end
element_start,item_effect_the_very_best,Effect
m_Chance,1,
buffs,buff_item_the_very_best,
element_end
element_start,item_effect_tug_rope,Effect
m_Chance,1,
buffs,buff_item_tug_rope,
element_end
element_start,item_effect_war_paint_rank_1,Effect
m_Chance,1,
buffs,buff_item_war_paint_rank_1,
element_end
element_start,item_effect_war_paint_rank_2,Effect
m_Chance,1,
buffs,buff_item_war_paint_rank_2,
element_end
element_start,item_effect_war_paint_rank_3,Effect
m_Chance,1,
buffs,buff_item_war_paint_rank_3,
element_end
element_start,item_effect_war_paint_rank_4,Effect
m_Chance,1,
buffs,buff_item_war_paint_rank_4,
element_end
element_start,item_effect_wax_innoculant,Effect
m_Chance,1,
buffs,buff_item_wax_innoculant,
element_end
element_start,item_effect_whetstone,Effect
m_Chance,1,
buffs,buff_item_whetstone,
element_end
element_start,jes_cambiata_note_change_sq1_a_to_b,Effect
m_Chance,1,
m_ChangeClassActorId,herostory_jes_combat_2_note_b_sq1,
m_AddTurn,0,
all_conditions,target_is_sequence_1_note_a,
m_IsVisible,False,
element_end
element_start,jes_cambiata_note_change_sq1_b_to_c,Effect
m_Chance,1,
m_ChangeClassActorId,herostory_jes_combat_2_note_c_sq1,
m_AddTurn,0,
all_conditions,target_is_sequence_1_note_b,
m_IsVisible,False,
element_end
element_start,jes_cambiata_note_change_sq1_c_to_a,Effect
m_Chance,1,
m_ChangeClassActorId,herostory_jes_combat_2_note_a_sq1,
m_AddTurn,0,
all_conditions,target_is_sequence_1_note_c,
m_IsVisible,False,
element_end
element_start,jes_cambiata_note_change_sq2_a_to_b,Effect
m_Chance,1,
m_ChangeClassActorId,herostory_jes_combat_2_note_b_sq2,
m_AddTurn,0,
all_conditions,target_is_sequence_2_note_a,
m_IsVisible,False,
element_end
element_start,jes_cambiata_note_change_sq2_b_to_c,Effect
m_Chance,1,
m_ChangeClassActorId,herostory_jes_combat_2_note_c_sq2,
m_AddTurn,0,
all_conditions,target_is_sequence_2_note_b,
m_IsVisible,False,
element_end
element_start,jes_cambiata_note_change_sq2_c_to_a,Effect
m_Chance,1,
m_ChangeClassActorId,herostory_jes_combat_2_note_a_sq2,
m_AddTurn,0,
all_conditions,target_is_sequence_2_note_c,
m_IsVisible,False,
element_end
element_start,jes_cambiata_note_change_sq3_a_to_b,Effect
m_Chance,1,
m_ChangeClassActorId,herostory_jes_combat_2_note_b_sq3,
m_AddTurn,0,
all_conditions,target_is_sequence_3_note_a,
m_IsVisible,False,
element_end
element_start,jes_cambiata_note_change_sq3_b_to_c,Effect
m_Chance,1,
m_ChangeClassActorId,herostory_jes_combat_2_note_c_sq3,
m_AddTurn,0,
all_conditions,target_is_sequence_3_note_b,
m_IsVisible,False,
element_end
element_start,jes_cambiata_note_change_sq3_c_to_a,Effect
m_Chance,1,
m_ChangeClassActorId,herostory_jes_combat_2_note_a_sq3,
m_AddTurn,0,
all_conditions,target_is_sequence_3_note_c,
m_IsVisible,False,
element_end
element_start,jes_echoing_march_pull_e,Effect
m_Chance,1,
buffs,jes_echoing_march_pull,
element_end
element_start,jes_echoing_march_pull_u_e,Effect
m_Chance,1,
buffs,jes_echoing_march_pull_u,
element_end
element_start,jes_signature_item_effect,Effect
m_Chance,0.05,
m_LootIds,oddly_tuned_lute_inn,
element_end
element_start,knight_biting_blade_bleed,Effect
m_Chance,1,
m_DotAddId,large_bleed_dot,
m_DotAddAmount,1,
element_end
element_start,knight_damage_bonus_vs_bleeders_e,Effect
m_Chance,1,
buffs,knight_damage_bonus_vs_bleeders,
element_end
element_start,knight_deaths_door_buff_manager_e,Effect
m_Chance,1,
buffs,knight_deaths_door_buff_manager,
element_end
element_start,knight_deaths_door_buff_remover_e,Effect
m_Chance,1,
buffs,knight_deaths_door_buff_remover,
element_end
element_start,knight_deaths_door_damage_buff_e,Effect
m_Chance,1,
buffs,knight_deaths_door_damage_buff,
all_conditions,performer_on_deaths_door,
element_end
element_start,knight_deaths_door_speed_buff_e,Effect
m_Chance,1,
buffs,knight_deaths_door_speed_buff,
all_conditions,performer_on_deaths_door,
element_end
element_start,knight_remove_deaths_door_buffs,Effect
m_Chance,1,
m_BuffRemoveAllTags,knight,
element_end
element_start,knight_riposte_bleed,Effect
m_Chance,1,
m_DotAddId,small_bleed_dot,
m_DotAddAmount,1,
element_end
element_start,lady_be_our_guest_blight,Effect
m_Chance,1,
m_DotAddId,large_blight_dot,
m_DotAddAmount,1,
element_end
element_start,lady_bilious_wail_blight,Effect
m_Chance,1,
m_DotAddId,medium_blight_dot,
m_DotAddAmount,1,
element_end
element_start,lep_signature_item_effect,Effect
m_Chance,0.05,
m_LootIds,precious_collection_inn,
element_end
element_start,leper_advisor_blight_chance,Effect
m_Chance,1,
m_DotAddId,very_small_blight_dot,
m_DotAddAmount,1,
element_end
element_start,leper_combat_start_blindness_e,Effect
m_Chance,1,
buffs,leper_combat_start_blindness,
element_end
element_start,leper_reflection_debuff_res_buff_e,Effect
m_Chance,1,
buffs,leper_reflection_debuff_res_buff,
element_end
element_start,leper_revenge_crit_buff_e,Effect
m_Chance,1,
buffs,leper_revenge_crit,
element_end
element_start,leper_revenge_strength_buff_e,Effect
m_Chance,1,
buffs,leper_revenge_strength,
element_end
element_start,leper_ruin_damage_buff_e,Effect
m_Chance,1,
buffs,leper_ruin_damage_buff,
element_end
element_start,leper_ruin_damage_buff_listener_e,Effect
m_Chance,1,
buffs,leper_ruin_damage_buff_listener,
m_IsVisible,False,
element_end
element_start,leper_ruin_damage_buff_manager_e,Effect
m_Chance,1,
buffs,leper_ruin_damage_buff_manager,
element_end
element_start,leper_ruin_remove_damage_buff,Effect
m_Chance,1,
m_BuffRemoveAllTags,ruin_buff,
all_conditions,leper_ruin_is_manager_inactive,
m_IsVisible,False,
element_end
element_start,leper_self_blind_chance,Effect
m_Chance,0.75,
m_TokenAddId,blind,
m_TokenAddAmount,1,
m_ShowValue,False,
element_end
element_start,leper_self_blind_chance_u,Effect
m_Chance,0.6,
m_TokenAddId,blind,
m_TokenAddAmount,1,
m_ShowValue,False,
element_end
element_start,leper_withstand_block_buff_e,Effect
m_Chance,1,
buffs,leper_withstand_block,
element_end
element_start,leper_withstand_dot_resist_buff_e,Effect
m_Chance,1,
buffs,leper_withstand_dot_resist_buff,
element_end
element_start,leper_withstand_dot_resist_buff_u_e,Effect
m_Chance,1,
buffs,leper_withstand_dot_resist_buff_u,
element_end
element_start,leper_withstand_move_resist_buff_e,Effect
m_Chance,1,
buffs,leper_withstand_move_resist_buff,
element_end
element_start,leper_withstand_move_resist_buff_u_e,Effect
m_Chance,1,
buffs,leper_withstand_move_resist_buff_u,
element_end
element_start,leviathan_capture,Effect
m_Chance,1,
m_Capture,True,
element_end
element_start,leviathan_disease_5pct,Effect
m_Chance,0.05,
m_QuirkAddTag,leviathan,
m_QuirkAddAmount,1,
m_QuirkAddAmountRange,0,
element_end
element_start,leviathan_drown_damage,Effect
m_Chance,1,
m_HealthDamagePercent,0.04,
element_end
element_start,leviathan_hand_death_listener_e,Effect
m_Chance,1,
buffs,leviathan_hand_death_listener,
all_conditions,hero_has_no_leviathan_hand_listener,
element_end
element_start,leviathan_release,Effect
m_Chance,1,
m_Release,True,
element_end
element_start,leviathan_summon_hand,Effect
m_Chance,1,
m_SummonClassActorId,coastal_boss_leviathan_hand,
m_SummonLocationType,FRONT,
m_SummonIfRoom,True,
element_end
element_start,librarian_convert_stack_l_m,Effect
m_Chance,1,
m_ChangeClassActorId,fanatic_librarian_stack_m,
m_AddTurn,0,
all_conditions,target_is_book_stack_l,
element_end
element_start,librarian_convert_stack_m_s,Effect
m_Chance,1,
m_ChangeClassActorId,fanatic_librarian_stack_s,
m_AddTurn,0,
all_conditions,target_is_book_stack_m,
element_end
element_start,librarian_count_manager_e,Effect
m_Chance,1,
m_IgnoreResist,True,
buffs,librarian_count_manager,
element_end
element_start,librarian_crit_burn_e,Effect
m_Chance,1,
buffs,librarian_crit_burn,
element_end
element_start,librarian_destroy_stack_s,Effect
m_Chance,1,
m_IsKill,True,
m_IsKillDeathClassValid,True,
all_conditions,target_is_book_stack_s,
element_end
element_start,librarian_ignite_self,Effect
m_Chance,1,
m_ChangeClassActorId,fanatic_librarian_ignited,
m_AddTurn,1,
element_end
element_start,librarian_mandatory_reading_burn,Effect
m_Chance,1,
m_DotAddId,small_burn_dot,
m_DotAddAmount,1,
element_end
element_start,librarian_page_burner_bark,Effect
m_Chance,1,
m_BarkId,notice_book_stack_consumed,
element_end
element_start,librarian_special_add_turn,Effect
m_Chance,1,
m_AddTurn,1,
all_conditions,target_is_book_stack_s,
element_end
element_start,librarian_special_count_plus_3,Effect
m_Chance,1,
m_TokenAddId,count,
m_TokenAddAmount,3,
m_ShowValue,True,
all_conditions,target_is_book_stack_s,
element_end
element_start,livestock_butcher_listener_e,Effect
m_Chance,1,
buffs,livestock_butcher_listener,
element_end
element_start,livestock_maid_listener_e,Effect
m_Chance,1,
buffs,livestock_maid_listener,
element_end
element_start,livestock_passive_buff_1_maid_e,Effect
m_Chance,1,
buffs,livestock_passive_buff_1_maid,
all_conditions,enemy_party_contains_1_maid,
element_end
element_start,livestock_passive_buff_2_maids_e,Effect
m_Chance,1,
buffs,livestock_passive_buff_2_maid,
all_conditions,enemy_party_contains_2_maids,
element_end
element_start,livestock_passive_buff_3_maids_e,Effect
m_Chance,1,
buffs,livestock_passive_buff_3_maid,
all_conditions,enemy_party_contains_3_maids,
element_end
element_start,livestock_passive_buff_b_1_maid_e,Effect
m_Chance,1,
buffs,livestock_passive_buff_b_1_maid,
all_conditions,enemy_party_contains_1_maid,
element_end
element_start,livestock_passive_buff_b_2_maids_e,Effect
m_Chance,1,
buffs,livestock_passive_buff_b_2_maid,
all_conditions,enemy_party_contains_2_maids,
element_end
element_start,livestock_passive_buff_b_3_maids_e,Effect
m_Chance,1,
buffs,livestock_passive_buff_b_3_maid,
all_conditions,enemy_party_contains_3_maids,
element_end
element_start,livestock_passive_butcher_buff_1_e,Effect
m_Chance,1,
buffs,livestock_passive_buff_1_butcher,
all_conditions,enemy_party_contains_1_butcher,
element_end
element_start,livestock_passive_butcher_buff_2_e,Effect
m_Chance,1,
buffs,livestock_passive_buff_2_butcher,
all_conditions,enemy_party_contains_2_butchers,
element_end
element_start,livestock_passive_butcher_buff_3_e,Effect
m_Chance,1,
buffs,livestock_passive_buff_3_butcher,
all_conditions,enemy_party_contains_3_butchers,
element_end
element_start,livestock_passive_butcher_buff_spawn_e,Effect
m_Chance,1,
buffs,livestock_passive_butcher_buff_spawn,
element_end
element_start,livestock_passive_maid_buff_b_spawn_e,Effect
m_Chance,1,
buffs,livestock_passive_maid_buff_b_spawn,
element_end
element_start,livestock_passive_maid_buff_spawn_e,Effect
m_Chance,1,
buffs,livestock_passive_maid_buff_spawn,
element_end
element_start,livestock_remove_passive_butcher_buff_1,Effect
m_Chance,1,
m_BuffRemoveAllTags,butcher_1,
all_conditions,enemy_party_contains_no_butchers,
element_end
element_start,livestock_remove_passive_butcher_buff_2,Effect
m_Chance,1,
m_BuffRemoveAllTags,butcher_2,
all_conditions,enemy_party_less_than_2_butchers,
element_end
element_start,livestock_remove_passive_butcher_buff_3,Effect
m_Chance,1,
m_BuffRemoveAllTags,butcher_3,
all_conditions,enemy_party_less_than_3_butchers,
element_end
element_start,livestock_remove_passive_maid_buff_1,Effect
m_Chance,1,
m_BuffRemoveAllTags,maid_1,
all_conditions,enemy_party_contains_no_maids,
element_end
element_start,livestock_remove_passive_maid_buff_2,Effect
m_Chance,1,
m_BuffRemoveAllTags,maid_2,
all_conditions,enemy_party_less_than_2_maids,
element_end
element_start,livestock_remove_passive_maid_buff_3,Effect
m_Chance,1,
m_BuffRemoveAllTags,maid_3,
all_conditions,enemy_party_less_than_3_maids,
element_end
element_start,livestock_riposte_blight,Effect
m_Chance,1,
m_DotAddId,small_blight_dot,
m_DotAddAmount,1,
element_end
element_start,lord_bilious_cannon_blight,Effect
m_Chance,1,
m_DotAddId,massive_blight_dot,
m_DotAddAmount,1,
element_end
element_start,lost_battalion_remove_shared_stability,Effect
m_Chance,1,
m_BuffRemoveAllTags,drummer,
all_conditions,enemy_party_no_drummer,
element_end
element_start,lost_battalion_shared_stability_e,Effect
m_Chance,1,
buffs,lost_battalion_shared_stability,
all_conditions,enemy_party_has_drummer,target_has_no_shared_stability,
element_end
element_start,lost_battalion_shared_stability_listener_e,Effect
m_Chance,1,
buffs,lost_battalion_shared_stability_listener,
element_end
element_start,lost_battalion_shared_stability_remover_e,Effect
m_Chance,1,
buffs,lost_battalion_shared_stability_remover,
element_end
element_start,lost_battalion_shared_stability_spawn_e,Effect
m_Chance,1,
buffs,lost_battalion_shared_stability_spawn,
element_end
element_start,lost_soul_gibbering_chomp_disease,Effect
m_Chance,0.1,
m_QuirkAddTag,disease_general,
m_QuirkAddAmount,1,
m_QuirkAddAmountRange,0,
all_conditions,biome_typical_equal_or_greater_than_1,
element_end
element_start,lost_soul_scrabble_blight,Effect
m_Chance,1,
m_DotAddId,small_blight_dot,
m_DotAddAmount,1,
element_end
element_start,lung_advance_skill_logic_manager_e,Effect
m_Chance,1,
buffs,lung_advance_skill_logic_manager,
element_end
element_start,lung_full_exhale_buff_e,Effect
m_Chance,1,
buffs,lung_full_exhale_buff,
all_conditions,both_lungs_inflated,
element_end
element_start,lung_health_logic_manager_e,Effect
m_Chance,1,
buffs,lung_health_logic_manager,
element_end
element_start,lung_remove_logic_a_at_health_threshold,Effect
m_Chance,1,
m_TokenRemoveId,logic_a,
m_TokenRemoveAmount,1,
m_ShowValue,False,
all_conditions,lung_health_deep_breath_continuous_threshold,
element_end
element_start,lungs_blessing_burnrider_effect,Effect
m_Chance,1,
buffs,lungs_burnrider_buff,
element_end
element_start,maa_bellow_debuff_e,Effect
m_Chance,1,
buffs,maa_bellow_debuff,
element_end
element_start,maa_bellow_u_debuff_e,Effect
m_Chance,1,
buffs,maa_bellow_u_debuff,
element_end
element_start,maa_combat_1_reinforcements_buff_e,Effect
m_Chance,1,
buffs,herostory_maa_reinforcements_buff,
element_end
element_start,maa_combat_1_summon_soldier,Effect
m_Chance,1,
m_SummonClassActorId,herostory_maa_combat_1_soldier_friendly,
m_SummonLocationType,FRONT,
m_SummonIfRoom,True,
element_end
element_start,maa_signature_item_effect,Effect
m_Chance,0.05,
m_LootIds,improvised_strategy_inn,
element_end
element_start,maa_stand_fast_block_e,Effect
m_Chance,1,
buffs,maa_stand_fast_block,
element_end
element_start,maa_stand_fast_block_u_e,Effect
m_Chance,1,
buffs,maa_stand_fast_u_block,
element_end
element_start,maa_stand_fast_conversion,Effect
m_Chance,1,
m_TokenConvertFromTokenIds,combo,
m_TokenConvertToId,block,
m_TokenConvertAmount,1,
element_end
element_start,maa_stand_fast_conversion_u,Effect
m_Chance,1,
m_TokenConvertFromTokenIds,combo,
m_TokenConvertToId,block_plus,
m_TokenConvertAmount,1,
element_end
element_start,maid_larval_slop_blight,Effect
m_Chance,1,
m_DotAddId,large_blight_dot,
m_DotAddAmount,1,
element_end
element_start,melee_lock_death_buff_e,Effect
m_Chance,1,
buffs,melee_lock_death_buff,
all_conditions,brain_melee_lock_is_dead,performer_has_no_melee_lock_buff,
element_end
element_start,melee_lock_death_buff_manager_e,Effect
m_Chance,1,
buffs,melee_lock_death_buff_manager,
element_end
element_start,move_backward_1,Effect
m_Chance,1,
m_IgnoreResist,True,
m_Move,1,
element_end
element_start,move_backward_1_33pct,Effect
m_Chance,0.33,
m_IgnoreResist,True,
m_Move,1,
element_end
element_start,move_backward_1_5pct,Effect
m_Chance,0.05,
m_IgnoreResist,True,
m_Move,1,
element_end
element_start,move_backward_1_7pct_if_melee,Effect
m_Chance,0.05,
m_Move,1,
all_conditions,skill_is_melee,
element_end
element_start,move_backward_2,Effect
m_Chance,1,
m_IgnoreResist,True,
m_Move,2,
element_end
element_start,move_backward_2_5pct,Effect
m_Chance,0.05,
m_IgnoreResist,True,
m_Move,2,
element_end
element_start,move_backward_3,Effect
m_Chance,1,
m_IgnoreResist,True,
m_Move,3,
element_end
element_start,move_forward_1,Effect
m_Chance,1,
m_IgnoreResist,True,
m_Move,-1,
element_end
element_start,move_forward_1_5pct,Effect
m_Chance,0.05,
m_IgnoreResist,True,
m_Move,-1,
element_end
element_start,move_forward_2,Effect
m_Chance,1,
m_IgnoreResist,True,
m_Move,-2,
element_end
element_start,move_forward_2_5pct,Effect
m_Chance,0.05,
m_IgnoreResist,True,
m_Move,-2,
element_end
element_start,move_forward_3,Effect
m_Chance,1,
m_IgnoreResist,True,
m_Move,-3,
element_end
element_start,move_knockback_1,Effect
m_Chance,1,
m_Move,1,
element_end
element_start,move_knockback_1_33pct,Effect
m_Chance,0.33,
m_Move,1,
element_end
element_start,move_knockback_1_50pct,Effect
m_Chance,0.5,
m_Move,1,
element_end
element_start,move_knockback_1_66pct,Effect
m_Chance,0.66,
m_Move,1,
element_end
element_start,move_knockback_2,Effect
m_Chance,1,
m_Move,2,
element_end
element_start,move_knockback_3,Effect
m_Chance,1,
m_Move,3,
element_end
element_start,move_knockback_3_nr,Effect
m_Chance,1,
m_IgnoreResist,True,
m_Move,3,
element_end
element_start,move_melee_pillager_forward_3,Effect
m_Chance,1,
m_IgnoreResist,True,
m_Move,-3,
all_conditions,target_is_pillager_forward,
element_end
element_start,move_pull_1,Effect
m_Chance,1,
m_Move,-1,
element_end
element_start,move_pull_2,Effect
m_Chance,1,
m_Move,-2,
element_end
element_start,move_pull_3,Effect
m_Chance,1,
m_Move,-3,
element_end
element_start,move_ranged_pillager_back_3,Effect
m_Chance,1,
m_IgnoreResist,True,
m_Move,3,
all_conditions,target_is_pillager_back,
element_end
element_start,move_shuffle,Effect
m_Chance,1,
m_Shuffle,True,
element_end
element_start,move_shuffle_20pct,Effect
m_Chance,0.2,
m_Shuffle,True,
element_end
element_start,move_shuffle_30pct,Effect
m_Chance,0.3,
m_Shuffle,True,
element_end
element_start,move_shuffle_50pct,Effect
m_Chance,0.5,
m_Shuffle,True,
element_end
element_start,move_shuffle_5pct,Effect
m_Chance,0.05,
m_Shuffle,True,
element_end
element_start,move_shuffle_if_combo_primed_hidden,Effect
m_Chance,1,
m_Shuffle,True,
all_conditions,target_is_combo_primed,
m_IsVisible,False,
element_end
element_start,move_shuffle_no_resist,Effect
m_Chance,1,
m_IgnoreResist,True,
m_Shuffle,True,
element_end
element_start,move_shuffle_no_resist_30_pct,Effect
m_Chance,0.3,
m_IgnoreResist,True,
m_Shuffle,True,
element_end
element_start,move_shuffle_nr_hidden,Effect
m_Chance,1,
m_IgnoreResist,True,
m_Shuffle,True,
m_IsVisible,False,
element_end
element_start,move_to_back_if_in_rank_1_15pct,Effect
m_Chance,0.15,
m_IgnoreResist,True,
m_Move,3,
all_conditions,performer_is_in_rank_1,
element_end
element_start,no_combo_add_1_daze,Effect
m_Chance,1,
m_TokenAddId,daze,
m_TokenAddAmount,1,
m_ShowValue,False,
all_conditions,target_not_combo_primed,
element_end
element_start,no_combo_dot_medium_burn,Effect
m_Chance,1,
m_DotAddId,skill_medium_burn_dot,
m_DotAddAmount,1,
all_conditions,target_not_combo_primed,
element_end
element_start,no_combo_dot_small_burn,Effect
m_Chance,1,
m_DotAddId,skill_small_burn_dot,
m_DotAddAmount,1,
all_conditions,target_not_combo_primed,
element_end
element_start,no_combo_remove_all_blight,Effect
m_Chance,1,
m_DotRemoveAllTypes,blight,
all_conditions,target_not_combo_primed,
element_end
element_start,no_combo_skill_dot_medium_bleed,Effect
m_Chance,1,
m_DotAddId,skill_medium_bleed_dot,
m_DotAddAmount,1,
all_conditions,target_not_combo_primed,
element_end
element_start,no_combo_skill_dot_small_bleed,Effect
m_Chance,1,
m_DotAddId,skill_small_bleed_dot,
m_DotAddAmount,1,
all_conditions,target_not_combo_primed,
element_end
element_start,note_sequencer_sq2_activate_rank_1,Effect
m_Chance,1,
m_ChangeClassActorId,herostory_jes_combat_2_note_c_sq2,
m_AddTurn,0,
all_conditions,target_is_in_rank_1,
element_end
element_start,note_sequencer_sq2_activate_rank_2,Effect
m_Chance,1,
m_ChangeClassActorId,herostory_jes_combat_2_note_a_sq2,
m_AddTurn,0,
all_conditions,target_is_in_rank_2,
element_end
element_start,note_sequencer_sq2_activate_rank_3,Effect
m_Chance,1,
m_ChangeClassActorId,herostory_jes_combat_2_note_b_sq2,
m_AddTurn,0,
all_conditions,target_is_in_rank_3,
element_end
element_start,note_sequencer_sq2_activate_rank_4,Effect
m_Chance,1,
m_ChangeClassActorId,herostory_jes_combat_2_note_b_sq2,
m_AddTurn,0,
all_conditions,target_is_in_rank_4,
element_end
element_start,note_sequencer_sq2_convert_self,Effect
m_Chance,1,
m_ChangeClassActorId,herostory_jes_combat_2_note_b_sq2,
m_AddTurn,0,
element_end
element_start,note_sequencer_sq2_summon_rank_2,Effect
m_Chance,1,
m_SummonClassActorId,herostory_jes_combat_2_note_c_sq2,
m_SummonLocationType,BACK,
m_SummonIfRoom,True,
element_end
element_start,note_sequencer_sq2_summon_rank_3,Effect
m_Chance,1,
m_SummonClassActorId,herostory_jes_combat_2_note_b_sq2,
m_SummonLocationType,BACK,
m_SummonIfRoom,True,
element_end
element_start,note_sequencer_sq2_summon_rank_4,Effect
m_Chance,1,
m_SummonClassActorId,herostory_jes_combat_2_note_a_sq2,
m_SummonLocationType,BACK,
m_SummonIfRoom,True,
element_end
element_start,note_sequencer_sq3_activate_rank_1,Effect
m_Chance,1,
m_ChangeClassActorId,herostory_jes_combat_2_note_b_sq3,
m_AddTurn,0,
all_conditions,target_is_in_rank_1,
element_end
element_start,note_sequencer_sq3_activate_rank_2,Effect
m_Chance,1,
m_ChangeClassActorId,herostory_jes_combat_2_note_c_sq3,
m_AddTurn,0,
all_conditions,target_is_in_rank_2,
element_end
element_start,note_sequencer_sq3_activate_rank_3,Effect
m_Chance,1,
m_ChangeClassActorId,herostory_jes_combat_2_note_a_sq3,
m_AddTurn,0,
all_conditions,target_is_in_rank_3,
element_end
element_start,note_sequencer_sq3_activate_rank_4,Effect
m_Chance,1,
m_ChangeClassActorId,herostory_jes_combat_2_note_b_sq3,
m_AddTurn,0,
all_conditions,target_is_in_rank_4,
element_end
element_start,note_sequencer_sq3_convert_self,Effect
m_Chance,1,
m_ChangeClassActorId,herostory_jes_combat_2_note_b_sq3,
m_AddTurn,0,
element_end
element_start,note_sequencer_sq3_summon_rank_2,Effect
m_Chance,1,
m_SummonClassActorId,herostory_jes_combat_2_note_a_sq3,
m_SummonLocationType,BACK,
m_SummonIfRoom,True,
element_end
element_start,note_sequencer_sq3_summon_rank_3,Effect
m_Chance,1,
m_SummonClassActorId,herostory_jes_combat_2_note_c_sq3,
m_SummonLocationType,BACK,
m_SummonIfRoom,True,
element_end
element_start,note_sequencer_sq3_summon_rank_4,Effect
m_Chance,1,
m_SummonClassActorId,herostory_jes_combat_2_note_a_sq3,
m_SummonLocationType,BACK,
m_SummonIfRoom,True,
element_end
element_start,occ_anamnesis_bleed_lv1,Effect
m_Chance,1,
m_DotAddId,very_small_bleed_dot,
m_DotAddAmount,1,
all_conditions,performer_has_1_unchecked_power,
element_end
element_start,occ_anamnesis_bleed_lv1_u,Effect
m_Chance,1,
m_DotAddId,small_bleed_dot,
m_DotAddAmount,1,
all_conditions,performer_has_1_unchecked_power,
element_end
element_start,occ_anamnesis_bleed_lv2,Effect
m_Chance,1,
m_DotAddId,small_bleed_dot,
m_DotAddAmount,1,
all_conditions,performer_has_2_unchecked_power,
m_IsVisible,False,
element_end
element_start,occ_anamnesis_bleed_lv2_u,Effect
m_Chance,1,
m_DotAddId,large_bleed_dot,
m_DotAddAmount,1,
all_conditions,performer_has_2_unchecked_power,
m_IsVisible,False,
element_end
element_start,occ_anamnesis_bleed_lv3,Effect
m_Chance,1,
m_DotAddId,medium_bleed_dot,
m_DotAddAmount,1,
all_conditions,performer_has_3_unchecked_power,
m_IsVisible,False,
element_end
element_start,occ_anamnesis_bleed_lv3_u,Effect
m_Chance,1,
m_DotAddId,massive_bleed_dot,
m_DotAddAmount,1,
all_conditions,performer_has_3_unchecked_power,
m_IsVisible,False,
element_end
element_start,occ_chaotic_offering_power_e,Effect
m_Chance,1,
buffs,occ_chaotic_offering_power,
element_end
element_start,occ_chaotic_offering_side_effect_1,Effect
m_Chance,0.2,
m_DotAddId,small_burn_dot,
m_DotAddAmount,1,
m_IsVisible,False,
element_end
element_start,occ_chaotic_offering_side_effect_2,Effect
m_Chance,0.18,
m_Shuffle,True,
m_IsVisible,False,
element_end
element_start,occ_chaotic_offering_side_effect_3,Effect
m_Chance,0.18,
m_TokenAddId,daze,
m_TokenAddAmount,1,
m_ShowValue,False,
m_IsVisible,False,
element_end
element_start,occ_chaotic_offering_side_effect_4,Effect
m_Chance,0.04,
m_TokenAddId,stealth,
m_TokenAddAmount,1,
m_ShowValue,False,
m_IsVisible,False,
element_end
element_start,occ_chaotic_offering_side_effect_5,Effect
m_Chance,0.18,
m_TokenAddId,weak,
m_TokenAddAmount,1,
m_ShowValue,False,
m_IsVisible,False,
element_end
element_start,occ_chaotic_offering_side_effect_6,Effect
m_Chance,0.18,
m_TokenAddId,taunt,
m_TokenAddAmount,1,
m_ShowValue,False,
m_IsVisible,False,
element_end
element_start,occ_chaotic_offering_side_effect_7,Effect
m_Chance,0.04,
m_TokenAddId,stun,
m_TokenAddAmount,1,
m_ShowValue,False,
m_IsVisible,False,
element_end
element_start,occ_combat_1_death_listener_e,Effect
m_Chance,1,
buffs,occ_combat_1_death_listener,
element_end
element_start,occ_combat_2_death_stress_e,Effect
m_Chance,1,
buffs,occ_combat_2_death_stress,
element_end
element_start,occ_combat_2_seance_heal_buff_e,Effect
m_Chance,1,
buffs,occ_combat_2_seance_heal_buff,
element_end
element_start,occ_combat_2_seance_party_dmg_15pct,Effect
m_Chance,1,
m_IgnoreResist,True,
m_HealthDamagePercent,0.15,
element_end
element_start,occ_combat_2_seance_party_dmg_25pct,Effect
m_Chance,1,
m_IgnoreResist,True,
m_HealthDamagePercent,0.25,
element_end
element_start,occ_combat_2_seance_table_heal_15pct,Effect
m_Chance,1,
m_HealthHealPercent,0.33,
m_CritChance,0.05,
m_CritMultiplier,0.5,
element_end
element_start,occ_malediction_debuff_e,Effect
m_Chance,1,
buffs,occ_malediction_debuff,
element_end
element_start,occ_malediction_debuff_fake_tooltip_e,Effect
m_Chance,1,
buffs,occ_malediction_debuff_fake_tooltip,
all_conditions,performer_has_1_unchecked_power,
element_end
element_start,occ_malediction_debuff_lv0,Effect
m_Chance,1,
buffs,occ_malediction_debuff_level_0,
all_conditions,performer_has_0_unchecked_power,
element_end
element_start,occ_malediction_debuff_lv1,Effect
m_Chance,1,
buffs,occ_malediction_debuff_level_1,
all_conditions,performer_has_1_unchecked_power,
m_IsVisible,False,
element_end
element_start,occ_malediction_debuff_lv2,Effect
m_Chance,1,
buffs,occ_malediction_debuff_level_2,
all_conditions,performer_has_2_unchecked_power,
m_IsVisible,False,
element_end
element_start,occ_malediction_debuff_lv3,Effect
m_Chance,1,
buffs,occ_malediction_debuff_level_3,
all_conditions,performer_has_3_unchecked_power,
m_IsVisible,False,
element_end
element_start,occ_malediction_u_debuff_e,Effect
m_Chance,1,
buffs,occ_malediction_u_debuff,
element_end
element_start,occ_pay_unchecked_power_cost,Effect
m_Chance,1,
m_TokenRemoveId,unchecked_power,
m_TokenRemoveAmount,2,
m_ShowValue,True,
all_conditions,performer_has_2_plus_unchecked_power,
m_IsVisible,False,
element_end
element_start,occ_signature_item_effect,Effect
m_Chance,0.05,
m_LootIds,guided_meditation_inn,
element_end
element_start,occ_story_combat_adv,Effect
m_Chance,1,
buffs,debuff_resist_-30pct_story,
element_end
element_start,occ_unchecked_power_burn_lv1,Effect
m_Chance,0.33,
m_IgnoreResist,True,
m_DotAddId,very_small_burn_dot,
m_DotAddAmount,1,
all_conditions,performer_has_1_unchecked_power,
element_end
element_start,occ_unchecked_power_burn_lv2,Effect
m_Chance,0.66,
m_IgnoreResist,True,
m_DotAddId,very_small_burn_dot,
m_DotAddAmount,1,
all_conditions,performer_has_2_unchecked_power,
element_end
element_start,occ_unchecked_power_burn_lv3,Effect
m_Chance,0.99,
m_IgnoreResist,True,
m_DotAddId,very_small_burn_dot,
m_DotAddAmount,1,
all_conditions,performer_has_3_unchecked_power,
element_end
element_start,occ_unchecked_power_burn_lv4,Effect
m_Chance,1,
m_IgnoreResist,True,
m_DotAddId,very_small_burn_dot,
m_DotAddAmount,1,
all_conditions,performer_has_4_plus_unchecked_power,
element_end
element_start,occ_unchecked_power_debuff_spawn,Effect
m_Chance,1,
m_IgnoreResist,True,
buffs,occ_unchecked_power_debuff,
element_end
element_start,occ_unchecked_power_heal_crit_text_e,Effect
m_Chance,1,
buffs,occ_unchecked_power_heal_crit_text,
all_conditions,always_return_false_hidden,
element_end
element_start,occ_unchecked_power_stun,Effect
m_Chance,1,
m_TokenAddId,stun,
m_TokenAddAmount,1,
m_ShowValue,False,
all_conditions,performer_has_2_plus_unchecked_power,
element_end
element_start,occ_wyrd_reconstruction_bleed,Effect
m_Chance,0.5,
m_DotAddId,medium_bleed_dot,
m_DotAddAmount,1,
element_end
element_start,occ_wyrd_reconstruction_bleed_u,Effect
m_Chance,0.5,
m_DotAddId,small_bleed_dot,
m_DotAddAmount,1,
element_end
element_start,occ_wyrd_reconstruction_heal,Effect
m_Chance,1,
m_HealthHealPercent,0,
m_CritChance,0.05,
m_CritMultiplier,1,
m_HealthHealPercentRange,0.33,
all_conditions,performer_has_less_than_2_unchecked_power,
element_end
element_start,occ_wyrd_reconstruction_heal_u,Effect
m_Chance,1,
m_HealthHealPercent,0,
m_CritChance,0.1,
m_CritMultiplier,1,
m_HealthHealPercentRange,0.5,
all_conditions,performer_has_less_than_2_unchecked_power,
element_end
element_start,occ_wyrd_reconstruction_uc_heal,Effect
m_Chance,1,
m_HealthHealPercent,0,
m_CritChance,1,
m_CritMultiplier,1,
m_HealthHealPercentRange,0.33,
all_conditions,performer_has_2_plus_unchecked_power,
m_IsVisible,False,
element_end
element_start,occ_wyrd_reconstruction_uc_heal_u,Effect
m_Chance,1,
m_HealthHealPercent,0,
m_CritChance,1,
m_CritMultiplier,1,
m_HealthHealPercentRange,0.5,
all_conditions,performer_has_2_plus_unchecked_power,
m_IsVisible,False,
element_end
element_start,order_slay_the_wounded_damage_buff_e,Effect
m_Chance,1,
buffs,order_slay_the_wounded_damage_buff,
element_end
element_start,path_buff_grv_venomdrop_blight_chance_buff_e,Effect
m_Chance,1,
buffs,path_buff_grv_venomdrop_blight_chance_buff,
element_end
element_start,path_buff_hel_carcass_break_block,Effect
m_Chance,1,
m_TokenRemoveId,block,
m_TokenRemoveAmount,99,
m_ShowValue,False,
all_conditions,skill_has_carcass_break_path_tag,
element_end
element_start,path_buff_hel_carcass_break_block_plus,Effect
m_Chance,1,
m_TokenRemoveId,block_plus,
m_TokenRemoveAmount,99,
m_ShowValue,False,
all_conditions,skill_has_carcass_break_path_tag,
m_IsVisible,False,
element_end
element_start,path_buff_hel_carcass_taunt,Effect
m_Chance,1,
m_IgnoreResist,True,
m_TokenAddId,taunt,
m_TokenAddAmount,2,
m_ShowValue,True,
all_conditions,skill_has_carcass_taunt_path_tag,
element_end
element_start,path_buff_hel_carcass_winded_blocks_1,Effect
m_Chance,0.75,
m_TokenAddId,block,
m_TokenAddAmount,1,
m_ShowValue,False,
all_conditions,performer_has_1_or_more_winded,
element_end
element_start,path_buff_hel_carcass_winded_blocks_2,Effect
m_Chance,0.75,
m_TokenAddId,block,
m_TokenAddAmount,1,
m_ShowValue,False,
all_conditions,performer_has_2_or_more_winded,
m_IsVisible,False,
element_end
element_start,path_buff_hel_carcass_winded_blocks_3,Effect
m_Chance,0.75,
m_TokenAddId,block,
m_TokenAddAmount,1,
m_ShowValue,False,
all_conditions,performer_has_3_or_more_winded,
m_IsVisible,False,
element_end
element_start,path_buff_hwy_yellowhand_bleed_res_debuff_e,Effect
m_Chance,1,
buffs,path_buff_hwy_yellowhand_bleed_res_debuff,
all_conditions,skill_is_melee,
element_end
element_start,path_buff_hwy_yellowhand_block_plus_remove,Effect
m_Chance,1,
m_TokenRemoveId,block_plus,
m_TokenRemoveAmount,99,
m_ShowValue,False,
all_conditions,skill_has_yellowhand_path_tag,
m_IsVisible,False,
element_end
element_start,path_buff_hwy_yellowhand_block_remove,Effect
m_Chance,1,
m_TokenRemoveId,block,
m_TokenRemoveAmount,99,
m_ShowValue,False,
all_conditions,skill_has_yellowhand_path_tag,
element_end
element_start,path_buff_hwy_yellowhand_steal,Effect
m_Chance,1,
m_TokenStealTags,positive,
m_TokenStealAmount,1,
all_conditions,skill_has_yellowhand_steal_path_tag,
element_end
element_start,path_buff_jes_intermezzo_bleed,Effect
m_Chance,1,
m_DotAddId,skill_small_bleed_dot,
m_DotAddAmount,1,
all_conditions,skill_has_intermezzo_path_tag,
element_end
element_start,path_buff_jes_intermezzo_bonus_1,Effect
m_Chance,0.1,
m_TokenAddId,crit,
m_TokenAddAmount,1,
m_ShowValue,False,
all_conditions,skill_has_intermezzo_ballad_path_tag,
element_end
element_start,path_buff_jes_intermezzo_bonus_2,Effect
m_Chance,0.2,
m_TokenAddId,dodge_plus,
m_TokenAddAmount,1,
m_ShowValue,False,
all_conditions,skill_has_intermezzo_ballad_path_tag,
element_end
element_start,path_buff_jes_intermezzo_bonus_3,Effect
m_Chance,0.35,
m_TokenAddId,strength,
m_TokenAddAmount,1,
m_ShowValue,False,
all_conditions,skill_has_intermezzo_ballad_path_tag,
element_end
element_start,path_buff_jes_intermezzo_bonus_4,Effect
m_Chance,0.35,
m_TokenAddId,block,
m_TokenAddAmount,1,
m_ShowValue,False,
all_conditions,skill_has_intermezzo_ballad_path_tag,
element_end
element_start,path_buff_jes_intermezzo_lasting_bleed_e,Effect
m_Chance,1,
buffs,path_buff_jes_intermezzo_lasting_bleed,
all_conditions,skill_has_intermezzo_repeat_path_tag,
element_end
element_start,path_buff_jes_intermezzo_stress,Effect
m_Chance,1,
m_StressDamage,1,
all_conditions,skill_has_intermezzo_path_tag,
element_end
element_start,path_buff_jes_intermezzo_stress_res,Effect
m_Chance,1,
buffs,path_buff_jes_intermezzo_stress_resist,
all_conditions,skill_has_intermezzo_res_path_tag,
element_end
element_start,path_buff_lep_monarch_chop_dmg_cosmic_up_e,Effect
m_Chance,1,
buffs,path_buff_lep_monarch_chop_dmg_cosmic_up,
all_conditions,enemy_party_contains_cosmic,
element_end
element_start,path_buff_lep_monarch_hp_cosmic_up_e,Effect
m_Chance,1,
buffs,path_buff_lep_monarch_hp_cosmic_up,
all_conditions,enemy_party_contains_cosmic,
element_end
element_start,path_buff_lep_monarch_speed_cosmic_up_e,Effect
m_Chance,1,
buffs,path_buff_lep_monarch_speed_cosmic_up,
all_conditions,enemy_party_contains_cosmic,
element_end
element_start,path_buff_lep_monarch_vuln,Effect
m_Chance,1,
m_TokenAddId,vulnerable,
m_TokenAddAmount,1,
m_ShowValue,False,
all_conditions,skill_has_monarch_vuln_path_tag,
element_end
element_start,path_buff_maa_bulwark_stand_fast_taunt,Effect
m_Chance,1,
m_IgnoreResist,True,
m_TokenAddId,taunt,
m_TokenAddAmount,2,
m_ShowValue,True,
all_conditions,skill_has_bulwark_taunt_path_tag,
element_end
element_start,path_buff_plg_physician_disorienting_blast,Effect
m_Chance,1,
m_TokenAddId,vulnerable,
m_TokenAddAmount,1,
m_ShowValue,False,
all_conditions,skill_has_physician_blast_path_tag,
element_end
element_start,path_buff_plg_physician_ounce_resist_up_e,Effect
m_Chance,1,
buffs,path_buff_plg_physician_ounce_resist_up,
all_conditions,skill_has_physician_stress_path_tag,
element_end
element_start,path_buff_plg_physician_vapours,Effect
m_Chance,1,
m_TokenAddId,strength,
m_TokenAddAmount,1,
m_ShowValue,False,
all_conditions,skill_has_physician_vapours_path_tag,
element_end
element_start,path_buff_run_orphan_firestarter_crit,Effect
m_Chance,1,
m_TokenAddId,crit,
m_TokenAddAmount,1,
m_ShowValue,False,
all_conditions,skill_has_orphan_path_tag,
element_end
element_start,pd_combat_1_damage_if_coughing,Effect
m_Chance,1,
m_HealthDamagePercent,0.5,
all_conditions,performer_has_coughing_fit_token,
element_end
element_start,pd_indiscriminate_science_heal,Effect
m_Chance,1,
m_HealthHealPercent,0.1,
m_CritChance,0.05,
m_CritMultiplier,0.5,
m_IsVisible,False,
element_end
element_start,pd_ounce_of_prevention_disease_res,Effect
m_Chance,1,
buffs,pd_ounce_of_prevention_disease_res_buff,
element_end
element_start,pd_ounce_of_prevention_disease_res_u,Effect
m_Chance,1,
buffs,pd_ounce_of_prevention_disease_res_buff_u,
element_end
element_start,pd_ounce_of_prevention_dot_res,Effect
m_Chance,1,
buffs,pd_ounce_of_prevention_dot_res_buff,
element_end
element_start,pd_ounce_of_prevention_dot_res_u,Effect
m_Chance,1,
buffs,pd_ounce_of_prevention_dot_res_buff_u,
element_end
element_start,pd_signature_item_effect,Effect
m_Chance,0.05,
m_LootIds,experimental_remedy_inn,
element_end
element_start,pillager_antiquarian_buff_a_e,Effect
m_Chance,1,
buffs,pillager_antiquarian_buff_a,
all_conditions,enemy_party_has_antiquarian,
element_end
element_start,pillager_antiquarian_buff_b_e,Effect
m_Chance,1,
buffs,pillager_antiquarian_buff_b,
all_conditions,enemy_party_has_antiquarian,
element_end
element_start,pillager_antiquarian_buff_c_e,Effect
m_Chance,1,
buffs,pillager_antiquarian_buff_c,
all_conditions,enemy_party_has_antiquarian,
element_end
element_start,pillager_antiquarian_buff_clear,Effect
m_Chance,1,
m_BuffRemoveAllTags,antiquarian,
all_conditions,enemy_party_has_no_antiquarian,
element_end
element_start,pillager_antiquarian_buff_listener_e,Effect
m_Chance,1,
buffs,pillager_antiquarian_buff_listener,
element_end
element_start,pillager_antiquarian_buff_spawn_e,Effect
m_Chance,1,
buffs,pillager_antiquarian_buff_spawn,
element_end
element_start,pit_fighter_accelerant_1_dot_buff_e,Effect
m_Chance,1,
buffs,pit_fighter_accelerant_1_dot_buff,
all_conditions,performer_has_0_count,
element_end
element_start,pit_fighter_accelerant_2_dot_buff_e,Effect
m_Chance,1,
buffs,pit_fighter_accelerant_2_dot_buff,
all_conditions,performer_has_1_count,
element_end
element_start,pit_fighter_accelerant_3_dot_buff_e,Effect
m_Chance,1,
buffs,pit_fighter_accelerant_3_dot_buff,
all_conditions,performer_has_2_count,
element_end
element_start,pit_fighter_accelerant_4_dot_buff_e,Effect
m_Chance,1,
buffs,pit_fighter_accelerant_4_dot_buff,
all_conditions,performer_has_3_count,
element_end
element_start,pit_fighter_accelerant_clear_buffs,Effect
m_Chance,1,
m_BuffRemoveAllTags,accelerant,
all_conditions,performer_has_2_or_less_count,
element_end
element_start,pit_fighter_accelerant_counter_e,Effect
m_Chance,1,
buffs,pit_fighter_accelerant_counter,
element_end
element_start,pit_fighter_accelerant_increase_e,Effect
m_Chance,1,
m_IgnoreResist,True,
buffs,pit_fighter_accelerant_increase,
element_end
element_start,pit_fighter_accelerant_increment,Effect
m_Chance,1,
m_TokenAddId,count,
m_TokenAddAmount,1,
m_ShowValue,False,
all_conditions,performer_has_3_or_less_count,
element_end
element_start,pit_fighter_accelerant_speed_buff_e,Effect
m_Chance,1,
buffs,pit_fighter_accelerant_speed_buff,
element_end
element_start,plague_eater_disease_10pct,Effect
m_Chance,0.1,
m_QuirkAddTag,plague_eater_disease,
m_QuirkAddAmount,1,
m_QuirkAddAmountRange,0,
element_end
element_start,plague_eater_disease_15pct,Effect
m_Chance,0.15,
m_QuirkAddTag,plague_eater_disease,
m_QuirkAddAmount,1,
m_QuirkAddAmountRange,0,
element_end
element_start,plague_eater_disease_5pct,Effect
m_Chance,0.05,
m_QuirkAddTag,plague_eater_disease,
m_QuirkAddAmount,1,
m_QuirkAddAmountRange,0,
element_end
element_start,play_bark_dont_leave_me_hidden,Effect
m_Chance,0.25,
m_IgnoreResist,True,
m_BarkId,dont_leave_me,
m_IsVisible,False,
element_end
element_start,play_bark_repair_skill_hidden,Effect
m_Chance,1,
m_IgnoreResist,True,
m_BarkId,repair_skill,
m_IsVisible,False,
element_end
element_start,prime_combo,Effect
m_Chance,1,
m_TokenAddId,combo,
m_TokenAddAmount,1,
m_ShowValue,False,
element_end
element_start,prime_combo_25pct,Effect
m_Chance,0.25,
m_TokenAddId,combo,
m_TokenAddAmount,1,
m_ShowValue,False,
element_end
element_start,prime_combo_33pct,Effect
m_Chance,0.33,
m_TokenAddId,combo,
m_TokenAddAmount,1,
m_ShowValue,False,
element_end
element_start,prime_combo_50pct,Effect
m_Chance,0.5,
m_TokenAddId,combo,
m_TokenAddAmount,1,
m_ShowValue,False,
element_end
element_start,prime_combo_if_lung_under_threshold,Effect
m_Chance,1,
m_TokenAddId,combo,
m_TokenAddAmount,1,
m_ShowValue,False,
all_conditions,lung_health_dying_light_threshold,
element_end
element_start,prime_combo_spider_webber,Effect
m_Chance,1,
m_TokenAddId,combo,
m_TokenAddAmount,1,
m_ShowValue,False,
all_conditions,biome_greater_than_3,monsters_contain_detonator,
element_end
element_start,quirk_brass_tacks_stress_heal_e,Effect
m_Chance,1,
buffs,quirk_brass_tacks_stress_heal,
element_end
element_start,quirk_hypochondria_add_disease_by_tag,Effect
m_Chance,0.05,
m_QuirkAddTag,disease,
m_QuirkAddAmount,1,
m_QuirkAddAmountRange,0,
m_IsVisible,False,
element_end
element_start,quirk_realist_vuln_weak,Effect
m_Chance,1,
buffs,quirk_realist_vuln_weak_if_party_under_25pct_health,
all_conditions,party_is_under_25pct_avg_health,
element_end
element_start,rabid_dog_disease,Effect
m_Chance,0.05,
quirks,disease_rabies,
all_conditions,biome_typical_equal_or_greater_than_1,
element_end
element_start,random_disease_3pct,Effect
m_Chance,0.03,
m_QuirkAddTag,disease_general,
m_QuirkAddAmount,1,
m_QuirkAddAmountRange,0,
all_conditions,biome_typical_equal_or_greater_than_1,
element_end
element_start,random_disease_5pct,Effect
m_Chance,0.05,
m_QuirkAddTag,disease_general,
m_QuirkAddAmount,1,
m_QuirkAddAmountRange,0,
all_conditions,biome_typical_equal_or_greater_than_1,
element_end
element_start,ranged_lock_death_buff_e,Effect
m_Chance,1,
buffs,ranged_lock_death_buff,
all_conditions,brain_ranged_lock_is_dead,performer_has_no_ranged_lock_buff,
element_end
element_start,ranged_lock_death_buff_manager_e,Effect
m_Chance,1,
buffs,ranged_lock_death_buff_manager,
element_end
element_start,reduce_tangle_b_to_tangle_a,Effect
m_Chance,1,
m_TokenAddId,taproot_tangle_b,
m_TokenAddAmount,1,
m_ShowValue,False,
m_IsLockedTeamPosition,True,
all_conditions,target_has_taproot_tangle_b,
element_end
element_start,reduce_tangle_c_to_tangle_a,Effect
m_Chance,1,
m_TokenAddId,taproot_tangle_c,
m_TokenAddAmount,1,
m_ShowValue,False,
m_IsLockedTeamPosition,True,
all_conditions,target_has_taproot_tangle_c,
element_end
element_start,remove_1_benediction,Effect
m_Chance,1,
m_TokenRemoveId,benediction,
m_TokenRemoveAmount,1,
m_ShowValue,False,
element_end
element_start,remove_1_blind,Effect
m_Chance,1,
m_TokenRemoveId,blind,
m_TokenRemoveAmount,1,
m_ShowValue,False,
element_end
element_start,remove_1_block,Effect
m_Chance,1,
m_TokenRemoveId,block,
m_TokenRemoveAmount,1,
m_ShowValue,False,
element_end
element_start,remove_1_block_plus,Effect
m_Chance,1,
m_TokenRemoveId,block_plus,
m_TokenRemoveAmount,1,
m_ShowValue,False,
element_end
element_start,remove_1_corpulent,Effect
m_Chance,1,
m_TokenRemoveId,corpulent,
m_TokenRemoveAmount,1,
m_ShowValue,False,
element_end
element_start,remove_1_crit,Effect
m_Chance,1,
m_TokenRemoveId,crit,
m_TokenRemoveAmount,1,
m_ShowValue,False,
element_end
element_start,remove_1_daze,Effect
m_Chance,1,
m_TokenRemoveId,daze,
m_TokenRemoveAmount,1,
m_ShowValue,False,
element_end
element_start,remove_1_disease,Effect
m_Chance,1,
m_QuirkRemoveTag,disease,
m_QuirkRemoveAmount,1,
m_QuirkRemoveAmountRange,0,
element_end
element_start,remove_1_disease_5pct,Effect
m_Chance,0.05,
m_QuirkRemoveTag,disease,
m_QuirkRemoveAmount,1,
m_QuirkRemoveAmountRange,0,
element_end
element_start,remove_1_disease_chirurgeons_table,Effect
m_Chance,0.1,
m_QuirkRemoveTag,disease,
m_QuirkRemoveAmount,1,
m_QuirkRemoveAmountRange,0,
element_end
element_start,remove_1_dodge,Effect
m_Chance,1,
m_TokenRemoveId,dodge,
m_TokenRemoveAmount,1,
m_ShowValue,False,
element_end
element_start,remove_1_dodge_if_no_dodge_plus,Effect
m_Chance,1,
m_TokenRemoveId,dodge,
m_TokenRemoveAmount,1,
m_ShowValue,False,
all_conditions,target_has_no_dodge_plus_token,
element_end
element_start,remove_1_dodge_plus,Effect
m_Chance,1,
m_TokenRemoveId,dodge_plus,
m_TokenRemoveAmount,1,
m_ShowValue,False,
element_end
element_start,remove_1_failure_incomplete,Effect
m_Chance,1,
m_TokenRemoveId,failure_incomplete,
m_TokenRemoveAmount,1,
m_ShowValue,False,
element_end
element_start,remove_1_flaming_furniture_riposte_token,Effect
m_Chance,1,
m_TokenRemoveId,flaming_furniture_riposte,
m_TokenRemoveAmount,1,
m_ShowValue,False,
element_end
element_start,remove_1_flaming_token,Effect
m_Chance,1,
m_TokenRemoveId,flaming,
m_TokenRemoveAmount,1,
m_ShowValue,False,
element_end
element_start,remove_1_food,Effect
m_Chance,1,
m_TokenRemoveId,food,
m_TokenRemoveAmount,1,
m_ShowValue,False,
element_end
element_start,remove_1_guard,Effect
m_Chance,1,
m_TokenRemoveId,guard,
m_TokenRemoveAmount,1,
m_ShowValue,False,
element_end
element_start,remove_1_harvest_hunger,Effect
m_Chance,1,
m_TokenRemoveId,harvest_hunger,
m_TokenRemoveAmount,1,
m_ShowValue,False,
m_IsVisible,False,
element_end
element_start,remove_1_immobilize,Effect
m_Chance,1,
m_TokenRemoveId,immobilize,
m_TokenRemoveAmount,1,
m_ShowValue,False,
element_end
element_start,remove_1_immobilize_no_drummer,Effect
m_Chance,1,
m_TokenRemoveId,immobilize,
m_TokenRemoveAmount,99,
m_ShowValue,False,
all_conditions,enemy_party_no_drummer,
element_end
element_start,remove_1_logic_a,Effect
m_Chance,1,
m_TokenRemoveId,logic_a,
m_TokenRemoveAmount,1,
m_ShowValue,False,
m_IsVisible,False,
element_end
element_start,remove_1_logic_b,Effect
m_Chance,1,
m_TokenRemoveId,logic_b,
m_TokenRemoveAmount,1,
m_ShowValue,False,
m_IsVisible,False,
element_end
element_start,remove_1_lost_battalion_order,Effect
m_Chance,1,
m_TokenRemoveId,lost_battalion_order,
m_TokenRemoveAmount,1,
m_ShowValue,False,
element_end
element_start,remove_1_mark_location,Effect
m_Chance,1,
m_TokenRemoveId,mark_location,
m_TokenRemoveAmount,1,
m_ShowValue,False,
m_IsAlwaysApply,True,
element_end
element_start,remove_1_negative_token,Effect
m_Chance,1,
m_Priority,10,
m_TokenRemoveTag,negative,
m_TokenRemoveAmount,1,
element_end
element_start,remove_1_negative_token_bauble_condition,Effect
m_Chance,1,
m_Priority,10,
m_TokenRemoveTag,negative,
m_TokenRemoveAmount,1,
all_conditions,baubles_over_25,
element_end
element_start,remove_1_negative_token_jes_play_out,Effect
m_Chance,1,
m_Priority,10,
m_TokenRemoveTag,negative,
m_TokenRemoveAmount,1,
all_conditions,skill_is_jes_play_me_out,
element_end
element_start,remove_1_quirk_negative,Effect
m_Chance,1,
m_QuirkRemoveTag,negative,
m_QuirkRemoveAmount,1,
m_QuirkRemoveAmountRange,0,
element_end
element_start,remove_1_quirk_negative_25pct,Effect
m_Chance,0.25,
m_QuirkRemoveTag,negative,
m_QuirkRemoveAmount,1,
m_QuirkRemoveAmountRange,0,
element_end
element_start,remove_1_quirk_negative_50pct,Effect
m_Chance,0.5,
m_QuirkRemoveTag,negative,
m_QuirkRemoveAmount,1,
m_QuirkRemoveAmountRange,0,
element_end
element_start,remove_1_quirk_negative_67pct,Effect
m_Chance,0.67,
m_QuirkRemoveTag,negative,
m_QuirkRemoveAmount,1,
m_QuirkRemoveAmountRange,0,
element_end
element_start,remove_1_quirk_positive,Effect
m_Chance,1,
m_QuirkRemoveTag,positive,
m_QuirkRemoveAmount,1,
m_QuirkRemoveAmountRange,0,
element_end
element_start,remove_1_quirk_positive_25pct,Effect
m_Chance,0.25,
m_QuirkRemoveTag,positive,
m_QuirkRemoveAmount,1,
m_QuirkRemoveAmountRange,0,
element_end
element_start,remove_1_quirk_positive_50pct,Effect
m_Chance,0.5,
m_QuirkRemoveTag,positive,
m_QuirkRemoveAmount,1,
m_QuirkRemoveAmountRange,0,
element_end
element_start,remove_1_quirk_positive_67pct,Effect
m_Chance,0.67,
m_QuirkRemoveTag,positive,
m_QuirkRemoveAmount,1,
m_QuirkRemoveAmountRange,0,
element_end
element_start,remove_1_riposte,Effect
m_Chance,1,
m_TokenRemoveId,riposte,
m_TokenRemoveAmount,1,
m_ShowValue,False,
element_end
element_start,remove_1_riposte_invisible,Effect
m_Chance,1,
m_TokenRemoveId,riposte_invisible,
m_TokenRemoveAmount,1,
m_ShowValue,False,
m_IsVisible,False,
element_end
element_start,remove_1_riposte_invisible_infinite,Effect
m_Chance,1,
m_TokenAddId,riposte_invisible_infinite,
m_TokenAddAmount,1,
m_ShowValue,False,
element_end
element_start,remove_1_smouldering_token,Effect
m_Chance,1,
m_TokenRemoveId,smouldering,
m_TokenRemoveAmount,1,
m_ShowValue,False,
element_end
element_start,remove_1_smouldering_token_chair,Effect
m_Chance,1,
m_TokenRemoveId,smouldering,
m_TokenRemoveAmount,1,
m_ShowValue,False,
all_conditions,neighbour_front_has_no_flaming_token,
element_end
element_start,remove_1_smouldering_token_pile,Effect
m_Chance,1,
m_TokenRemoveId,smouldering,
m_TokenRemoveAmount,1,
m_ShowValue,False,
all_conditions,neighbour_back_has_no_flaming_token,
element_end
element_start,remove_1_speed,Effect
m_Chance,1,
m_TokenRemoveId,speed,
m_TokenRemoveAmount,1,
m_ShowValue,False,
element_end
element_start,remove_1_stagecoach_armor,Effect
m_Chance,1,
stage_coach_armor,-1,
element_end
element_start,remove_1_stagecoach_wheel,Effect
m_Chance,1,
stage_coach_wheels,-1,
element_end
element_start,remove_1_stealth,Effect
m_Chance,1,
m_TokenRemoveId,stealth,
m_TokenRemoveAmount,1,
m_ShowValue,False,
element_end
element_start,remove_1_stealth_hidden,Effect
m_Chance,1,
m_TokenRemoveId,stealth,
m_TokenRemoveAmount,1,
m_ShowValue,False,
m_IsVisible,False,
element_end
element_start,remove_1_strength,Effect
m_Chance,1,
m_TokenRemoveId,strength,
m_TokenRemoveAmount,1,
m_ShowValue,False,
element_end
element_start,remove_1_stun,Effect
m_Chance,1,
m_TokenRemoveId,stun,
m_TokenRemoveAmount,1,
m_ShowValue,False,
element_end
element_start,remove_1_stun_50pct,Effect
m_Chance,0.5,
m_TokenRemoveId,stun,
m_TokenRemoveAmount,1,
m_ShowValue,False,
element_end
element_start,remove_1_stun_hidden,Effect
m_Chance,1,
m_TokenRemoveId,stun,
m_TokenRemoveAmount,1,
m_ShowValue,False,
m_IsVisible,False,
element_end
element_start,remove_1_taunt,Effect
m_Chance,1,
m_TokenRemoveId,taunt,
m_TokenRemoveAmount,1,
m_ShowValue,False,
element_end
element_start,remove_1_vestal_flame,Effect
m_Chance,1,
m_TokenRemoveId,vestal_flame,
m_TokenRemoveAmount,1,
m_ShowValue,False,
element_end
element_start,remove_1_vestal_kindling,Effect
m_Chance,1,
m_TokenRemoveId,vestal_kindling,
m_TokenRemoveAmount,1,
m_ShowValue,False,
element_end
element_start,remove_1_vestal_window,Effect
m_Chance,1,
m_TokenRemoveId,vestal_window,
m_TokenRemoveAmount,1,
m_ShowValue,False,
m_IsVisible,False,
element_end
element_start,remove_1_vulnerable,Effect
m_Chance,1,
m_TokenRemoveId,vulnerable,
m_TokenRemoveAmount,1,
m_ShowValue,False,
element_end
element_start,remove_1_vulnerable_target_spd_2orless,Effect
m_Chance,1,
m_TokenRemoveId,vulnerable,
m_TokenRemoveAmount,1,
m_ShowValue,False,
all_conditions,target_speed_2orless,
element_end
element_start,remove_1_weak,Effect
m_Chance,1,
m_TokenRemoveId,weak,
m_TokenRemoveAmount,1,
m_ShowValue,False,
element_end
element_start,remove_1_weak_target_spd_2orless,Effect
m_Chance,1,
m_TokenRemoveId,weak,
m_TokenRemoveAmount,1,
m_ShowValue,False,
all_conditions,target_speed_2orless,
element_end
element_start,remove_1_worship,Effect
m_Chance,1,
m_TokenRemoveId,worship,
m_TokenRemoveAmount,1,
m_ShowValue,False,
element_end
element_start,remove_2_benediction,Effect
m_Chance,1,
m_TokenRemoveId,benediction,
m_TokenRemoveAmount,2,
m_ShowValue,True,
element_end
element_start,remove_2_riposte,Effect
m_Chance,1,
m_TokenRemoveId,riposte,
m_TokenRemoveAmount,2,
m_ShowValue,True,
element_end
element_start,remove_all_bleed,Effect
m_Chance,1,
m_DotRemoveAllTypes,bleed,
element_end
element_start,remove_all_blessings,Effect
m_Chance,1,
m_TokenRemoveTag,vestal_blessing,
m_TokenRemoveAmount,99,
element_end
element_start,remove_all_blight,Effect
m_Chance,1,
m_DotRemoveAllTypes,blight,
element_end
element_start,remove_all_blind,Effect
m_Chance,1,
m_TokenRemoveId,blind,
m_TokenRemoveAmount,99,
m_ShowValue,False,
element_end
element_start,remove_all_blind_if_run_obsession,Effect
m_Chance,1,
m_TokenRemoveId,blind,
m_TokenRemoveAmount,99,
m_ShowValue,False,
all_conditions,run_boss_is_eyes,
element_end
element_start,remove_all_block,Effect
m_Chance,1,
m_TokenRemoveId,block,
m_TokenRemoveAmount,99,
m_ShowValue,False,
element_end
element_start,remove_all_block_plus,Effect
m_Chance,1,
m_TokenRemoveId,block_plus,
m_TokenRemoveAmount,99,
m_ShowValue,False,
m_IsVisible,False,
element_end
element_start,remove_all_buffs,Effect
m_Chance,1,
m_BuffRemoveAllTags,positive,
element_end
element_start,remove_all_burn,Effect
m_Chance,1,
m_DotRemoveAllTypes,burn,
element_end
element_start,remove_all_call_of_the_deep,Effect
m_Chance,1,
m_TokenRemoveId,call_of_the_deep,
m_TokenRemoveAmount,99,
m_ShowValue,False,
all_conditions,monsters_contain_no_boss_hand,
element_end
element_start,remove_all_combo_visible,Effect
m_Chance,1,
m_TokenRemoveId,combo,
m_TokenRemoveAmount,99,
m_ShowValue,False,
element_end
element_start,remove_all_conviction,Effect
m_Chance,1,
m_TokenRemoveId,conviction,
m_TokenRemoveAmount,99,
m_ShowValue,False,
element_end
element_start,remove_all_count,Effect
m_Chance,1,
m_TokenRemoveId,count,
m_TokenRemoveAmount,99,
m_ShowValue,False,
element_end
element_start,remove_all_counters_gr_husband,Effect
m_Chance,1,
buffs,herostory_gr_husband_remove_all_counters,
element_end
element_start,remove_all_crit,Effect
m_Chance,1,
m_TokenRemoveId,crit,
m_TokenRemoveAmount,99,
m_ShowValue,False,
element_end
element_start,remove_all_daze,Effect
m_Chance,1,
m_TokenRemoveId,daze,
m_TokenRemoveAmount,99,
m_ShowValue,False,
element_end
element_start,remove_all_dodge,Effect
m_Chance,1,
m_TokenRemoveId,dodge,
m_TokenRemoveAmount,99,
m_ShowValue,False,
element_end
element_start,remove_all_dodge_plus,Effect
m_Chance,1,
m_TokenRemoveId,dodge_plus,
m_TokenRemoveAmount,99,
m_ShowValue,False,
m_IsVisible,False,
element_end
element_start,remove_all_dots,Effect
m_Chance,1,
m_DotRemoveAllTypes,bleed,blight,burn,
element_end
element_start,remove_all_failure_facing,Effect
m_Chance,1,
m_TokenRemoveId,failure_facing,
m_TokenRemoveAmount,99,
m_ShowValue,False,
element_end
element_start,remove_all_failure_support,Effect
m_Chance,1,
m_TokenRemoveId,failure_support,
m_TokenRemoveAmount,99,
m_ShowValue,False,
m_IsVisible,False,
element_end
element_start,remove_all_failure_ult,Effect
m_Chance,1,
m_TokenRemoveTag,failure_ult,
m_TokenRemoveAmount,99,
m_IsVisible,False,
element_end
element_start,remove_all_flag_pain_heal,Effect
m_Chance,1,
m_Priority,-5,
m_TokenRemoveTag,flag_pain_heal,
m_TokenRemoveAmount,99,
element_end
element_start,remove_all_flagellant_more_more,Effect
m_Chance,1,
m_Priority,-10,
m_TokenRemoveId,flagellant_more_more_u,
m_TokenRemoveAmount,99,
m_ShowValue,False,
element_end
element_start,remove_all_gastric_juice,Effect
m_Chance,1,
m_TokenRemoveId,gastric_juice,
m_TokenRemoveAmount,99,
m_ShowValue,False,
element_end
element_start,remove_all_guard,Effect
m_Chance,1,
m_TokenRemoveId,guard,
m_TokenRemoveAmount,99,
m_ShowValue,False,
element_end
element_start,remove_all_hel_tokens,Effect
m_Chance,1,
m_TokenRemoveTag,hel_herostory,
m_TokenRemoveAmount,99,
element_end
element_start,remove_all_horror,Effect
m_Chance,1,
m_DotRemoveAllTypes,horror,
element_end
element_start,remove_all_logic_a,Effect
m_Chance,1,
m_TokenRemoveId,logic_a,
m_TokenRemoveAmount,99,
m_ShowValue,False,
m_IsVisible,False,
element_end
element_start,remove_all_logic_b,Effect
m_Chance,1,
m_TokenRemoveId,logic_b,
m_TokenRemoveAmount,99,
m_ShowValue,False,
m_IsVisible,False,
element_end
element_start,remove_all_mark_location_hidden,Effect
m_Chance,1,
m_TokenRemoveId,mark_location,
m_TokenRemoveAmount,99,
m_ShowValue,False,
all_conditions,performer_has_logic_temporary,
m_IsVisible,False,
element_end
element_start,remove_all_pain_heal,Effect
m_Chance,1,
m_TokenRemoveId,pain_heal,
m_TokenRemoveAmount,99,
m_ShowValue,False,
element_end
element_start,remove_all_positive_tokens,Effect
m_Chance,1,
m_TokenRemoveTag,positive,
m_TokenRemoveAmount,99,
element_end
element_start,remove_all_positive_tokens_hidden,Effect
m_Chance,1,
m_TokenRemoveTag,positive,
m_TokenRemoveAmount,99,
m_IsVisible,False,
element_end
element_start,remove_all_quirks_negative,Effect
m_Chance,1,
m_QuirkRemoveTag,negative,
m_QuirkRemoveAmount,5,
m_QuirkRemoveAmountRange,0,
element_end
element_start,remove_all_repair_hidden,Effect
m_Chance,1,
m_TokenRemoveId,repair,
m_TokenRemoveAmount,99,
m_ShowValue,False,
m_IsVisible,False,
element_end
element_start,remove_all_riposte,Effect
m_Chance,1,
m_TokenRemoveId,riposte,
m_TokenRemoveAmount,99,
m_ShowValue,False,
element_end
element_start,remove_all_run_herostory_tokens_hidden,Effect
m_Chance,1,
m_TokenRemoveTag,run_herostory,
m_TokenRemoveAmount,99,
m_IsVisible,False,
element_end
element_start,remove_all_smouldering_tokens_hidden,Effect
m_Chance,1,
m_TokenRemoveId,smouldering,
m_TokenRemoveAmount,99,
m_ShowValue,False,
m_IsVisible,False,
element_end
element_start,remove_all_stealth,Effect
m_Chance,1,
m_TokenRemoveId,stealth,
m_TokenRemoveAmount,99,
m_ShowValue,False,
element_end
element_start,remove_all_strength,Effect
m_Chance,1,
m_TokenRemoveId,strength,
m_TokenRemoveAmount,99,
m_ShowValue,False,
element_end
element_start,remove_all_stun,Effect
m_Chance,1,
m_TokenRemoveId,stun,
m_TokenRemoveAmount,99,
m_ShowValue,False,
element_end
element_start,remove_all_stun_type_tokens,Effect
m_Chance,1,
m_TokenRemoveTag,stun_type,
m_TokenRemoveAmount,99,
element_end
element_start,remove_all_taproot,Effect
m_Chance,1,
m_TokenRemoveId,taproot,
m_TokenRemoveAmount,99,
m_ShowValue,False,
element_end
element_start,remove_all_taproot_target,Effect
m_Chance,1,
m_TokenRemoveId,taproot_target,
m_TokenRemoveAmount,99,
m_ShowValue,False,
element_end
element_start,remove_all_taunt,Effect
m_Chance,1,
m_TokenRemoveId,taunt,
m_TokenRemoveAmount,99,
m_ShowValue,False,
element_end
element_start,remove_all_torso_target,Effect
m_Chance,1,
m_TokenRemoveId,torso_target,
m_TokenRemoveAmount,99,
m_ShowValue,False,
element_end
element_start,remove_all_torso_windup,Effect
m_Chance,1,
m_TokenRemoveId,torso_windup,
m_TokenRemoveAmount,99,
m_ShowValue,False,
element_end
element_start,remove_all_unchecked_power,Effect
m_Chance,1,
m_TokenRemoveId,unchecked_power,
m_TokenRemoveAmount,99,
m_ShowValue,False,
m_IsVisible,False,
element_end
element_start,remove_all_unchecked_power_occ_hs,Effect
m_Chance,1,
m_TokenRemoveId,unchecked_power,
m_TokenRemoveAmount,1,
m_ShowValue,False,
element_end
element_start,remove_all_unlit_tokens,Effect
m_Chance,1,
m_TokenRemoveId,unlit,
m_TokenRemoveAmount,99,
m_ShowValue,False,
m_IsVisible,False,
element_end
element_start,remove_all_vestal_window,Effect
m_Chance,1,
m_TokenRemoveId,vestal_window,
m_TokenRemoveAmount,99,
m_ShowValue,False,
m_IsVisible,False,
element_end
element_start,remove_all_vulnerable,Effect
m_Chance,1,
m_TokenRemoveId,vulnerable,
m_TokenRemoveAmount,99,
m_ShowValue,False,
element_end
element_start,remove_all_weak,Effect
m_Chance,1,
m_TokenRemoveId,weak,
m_TokenRemoveAmount,99,
m_ShowValue,False,
element_end
element_start,remove_all_winded,Effect
m_Chance,1,
m_TokenRemoveId,hellion_winded,
m_TokenRemoveAmount,99,
m_ShowValue,False,
element_end
element_start,remove_all_worship,Effect
m_Chance,1,
m_TokenRemoveId,worship,
m_TokenRemoveAmount,99,
m_ShowValue,False,
element_end
element_start,remove_altar_buffs,Effect
m_Chance,1,
m_BuffRemoveAllTags,altar,
all_conditions,enemy_party_contains_no_altar,
element_end
element_start,remove_anti_block_debuff,Effect
m_Chance,1,
m_BuffRemoveAllTags,anti_block,
m_IsVisible,False,
element_end
element_start,remove_anti_block_debuff_inevitable_end,Effect
m_Chance,1,
m_BuffRemoveAllTags,anti_block,
all_conditions,skill_is_lep_break,
m_IsVisible,False,
element_end
element_start,remove_anti_dodge_debuff,Effect
m_Chance,1,
m_BuffRemoveAllTags,anti_dodge,
m_IsVisible,False,
element_end
element_start,remove_anti_stealth_debuff,Effect
m_Chance,1,
m_BuffRemoveAllTags,anti_stealth,
m_IsVisible,False,
element_end
element_start,remove_arms_buff01,Effect
m_Chance,1,
m_BuffRemoveAllTags,arms_buff01,
element_end
element_start,remove_arms_buff02,Effect
m_Chance,1,
m_BuffRemoveAllTags,arms_buff02,
element_end
element_start,remove_cultist_cardinal_bonus_resist,Effect
m_Chance,1,
m_BuffRemoveAllTags,cardinal,
all_conditions,enemy_party_no_cardinal,
element_end
element_start,remove_deacon_melee_resistance,Effect
m_Chance,1,
m_BuffRemoveAllTags,deacon_res_m,
all_conditions,deacon_has_melee_resistance,
element_end
element_start,remove_deacon_ranged_resistance,Effect
m_Chance,1,
m_BuffRemoveAllTags,deacon_res_r,
all_conditions,deacon_has_no_melee_resistance,
element_end
element_start,remove_death_logic_a_manager,Effect
m_Chance,1,
m_BuffRemoveAllTags,death_logic_a,
all_conditions,performer_health_under_50pct,
element_end
element_start,remove_death_logic_b_manager,Effect
m_Chance,1,
m_BuffRemoveAllTags,death_logic_b,
all_conditions,performer_health_under_25pct,
element_end
element_start,remove_flg_failure_incomplete,Effect
m_Chance,1,
m_TokenRemoveId,failure_incomplete,
m_TokenRemoveAmount,1,
m_ShowValue,False,
all_conditions,target_is_flagellant,
element_end
element_start,remove_flg_god_denial_manager,Effect
m_Chance,1,
m_BuffRemoveAllTags,god_denial,
all_conditions,target_is_flagellant,
element_end
element_start,remove_flg_god_denial_tokens,Effect
m_Chance,1,
m_TokenRemoveTag,god_denial,
m_TokenRemoveAmount,99,
all_conditions,target_is_flagellant,
element_end
element_start,remove_gastric_armor_buff,Effect
m_Chance,1,
m_BuffRemoveAllTags,gastric_armor,
element_end
element_start,remove_god_denial_manager,Effect
m_Chance,1,
m_BuffRemoveAllTags,god_denial,
element_end
element_start,remove_god_denial_tokens,Effect
m_Chance,1,
m_TokenRemoveTag,god_denial,
m_TokenRemoveAmount,99,
element_end
element_start,remove_gr_failure_incomplete,Effect
m_Chance,1,
m_TokenRemoveId,failure_incomplete,
m_TokenRemoveAmount,1,
m_ShowValue,False,
all_conditions,target_is_grave_robber,
element_end
element_start,remove_gr_god_denial_manager,Effect
m_Chance,1,
m_BuffRemoveAllTags,god_denial,
all_conditions,target_is_grave_robber,
element_end
element_start,remove_gr_god_denial_tokens,Effect
m_Chance,1,
m_TokenRemoveTag,god_denial,
m_TokenRemoveAmount,99,
all_conditions,target_is_grave_robber,
element_end
element_start,remove_hel_failure_incomplete,Effect
m_Chance,1,
m_TokenRemoveId,failure_incomplete,
m_TokenRemoveAmount,1,
m_ShowValue,False,
all_conditions,target_is_hellion,
element_end
element_start,remove_hel_god_denial_manager,Effect
m_Chance,1,
m_BuffRemoveAllTags,god_denial,
all_conditions,target_is_hellion,
element_end
element_start,remove_hel_god_denial_tokens,Effect
m_Chance,1,
m_TokenRemoveTag,god_denial,
m_TokenRemoveAmount,99,
all_conditions,target_is_hellion,
element_end
element_start,remove_hwm_failure_incomplete,Effect
m_Chance,1,
m_TokenRemoveId,failure_incomplete,
m_TokenRemoveAmount,1,
m_ShowValue,False,
all_conditions,target_is_highwayman,
element_end
element_start,remove_hwm_god_denial_manager,Effect
m_Chance,1,
m_BuffRemoveAllTags,god_denial,
all_conditions,target_is_highwayman,
element_end
element_start,remove_hwm_god_denial_tokens,Effect
m_Chance,1,
m_TokenRemoveTag,god_denial,
m_TokenRemoveAmount,99,
all_conditions,target_is_highwayman,
element_end
element_start,remove_jes_failure_incomplete,Effect
m_Chance,1,
m_TokenRemoveId,failure_incomplete,
m_TokenRemoveAmount,1,
m_ShowValue,False,
all_conditions,target_is_jester,
element_end
element_start,remove_jes_god_denial_manager,Effect
m_Chance,1,
m_BuffRemoveAllTags,god_denial,
all_conditions,target_is_jester,
element_end
element_start,remove_jes_god_denial_tokens,Effect
m_Chance,1,
m_TokenRemoveTag,god_denial,
m_TokenRemoveAmount,99,
all_conditions,target_is_jester,
element_end
element_start,remove_lep_failure_incomplete,Effect
m_Chance,1,
m_TokenRemoveId,failure_incomplete,
m_TokenRemoveAmount,1,
m_ShowValue,False,
all_conditions,target_is_leper,
element_end
element_start,remove_lep_god_denial_manager,Effect
m_Chance,1,
m_BuffRemoveAllTags,god_denial,
all_conditions,target_is_leper,
element_end
element_start,remove_lep_god_denial_tokens,Effect
m_Chance,1,
m_TokenRemoveTag,god_denial,
m_TokenRemoveAmount,99,
all_conditions,target_is_leper,
element_end
element_start,remove_lung_health_logic_manager,Effect
m_Chance,1,
m_BuffRemoveAllTags,lung_logic,
all_conditions,lung_health_deep_breath_continuous_threshold,
element_end
element_start,remove_maa_failure_incomplete,Effect
m_Chance,1,
m_TokenRemoveId,failure_incomplete,
m_TokenRemoveAmount,1,
m_ShowValue,False,
all_conditions,target_is_man_at_arms,
element_end
element_start,remove_maa_god_denial_manager,Effect
m_Chance,1,
m_BuffRemoveAllTags,god_denial,
all_conditions,target_is_man_at_arms,
element_end
element_start,remove_maa_god_denial_tokens,Effect
m_Chance,1,
m_TokenRemoveTag,god_denial,
m_TokenRemoveAmount,99,
all_conditions,target_is_man_at_arms,
element_end
element_start,remove_medic_salve_skill_token,Effect
m_Chance,1,
m_TokenRemoveId,medic_salve,
m_TokenRemoveAmount,99,
m_ShowValue,False,
m_IsVisible,False,
element_end
element_start,remove_occ_failure_incomplete,Effect
m_Chance,1,
m_TokenRemoveId,failure_incomplete,
m_TokenRemoveAmount,1,
m_ShowValue,False,
all_conditions,target_is_occultist,
element_end
element_start,remove_occ_god_denial_manager,Effect
m_Chance,1,
m_BuffRemoveAllTags,god_denial,
all_conditions,target_is_occultist,
element_end
element_start,remove_occ_god_denial_tokens,Effect
m_Chance,1,
m_TokenRemoveTag,god_denial,
m_TokenRemoveAmount,99,
all_conditions,target_is_occultist,
element_end
element_start,remove_pd_failure_incomplete,Effect
m_Chance,1,
m_TokenRemoveId,failure_incomplete,
m_TokenRemoveAmount,1,
m_ShowValue,False,
all_conditions,target_is_plague_doctor,
element_end
element_start,remove_pd_god_denial_manager,Effect
m_Chance,1,
m_BuffRemoveAllTags,god_denial,
all_conditions,target_is_plague_doctor,
element_end
element_start,remove_pd_god_denial_tokens,Effect
m_Chance,1,
m_TokenRemoveTag,god_denial,
m_TokenRemoveAmount,99,
all_conditions,target_is_plague_doctor,
element_end
element_start,remove_pyro_bomb_skill_token,Effect
m_Chance,1,
m_TokenRemoveId,pyro_bomb,
m_TokenRemoveAmount,99,
m_ShowValue,False,
m_IsVisible,False,
element_end
element_start,remove_run_failure_incomplete,Effect
m_Chance,1,
m_TokenRemoveId,failure_incomplete,
m_TokenRemoveAmount,1,
m_ShowValue,False,
all_conditions,target_is_fire,
element_end
element_start,remove_run_god_denial_manager,Effect
m_Chance,1,
m_BuffRemoveAllTags,god_denial,
all_conditions,target_is_fire,
element_end
element_start,remove_run_god_denial_tokens,Effect
m_Chance,1,
m_TokenRemoveTag,god_denial,
m_TokenRemoveAmount,99,
all_conditions,target_is_fire,
element_end
element_start,remove_shared_stability_if_no_drummer,Effect
m_Chance,1,
m_BuffRemoveAllTags,drummer,
all_conditions,enemy_party_no_drummer,
element_end
element_start,remove_torso_target_if_no_windup,Effect
m_Chance,1,
m_TokenRemoveId,torso_target,
m_TokenRemoveAmount,1,
m_ShowValue,False,
all_conditions,torso_has_no_windup,
element_end
element_start,remove_tuned_no_sweet_spot,Effect
m_Chance,1,
m_TokenRemoveId,herostory_jes_tuned,
m_TokenRemoveAmount,99,
m_ShowValue,False,
all_conditions,target_not_in_sweet_spot,
element_end
element_start,remove_ves_failure_incomplete,Effect
m_Chance,1,
m_TokenRemoveId,failure_incomplete,
m_TokenRemoveAmount,1,
m_ShowValue,False,
all_conditions,target_is_vestal,
element_end
element_start,remove_ves_god_denial_manager,Effect
m_Chance,1,
m_BuffRemoveAllTags,god_denial,
all_conditions,target_is_vestal,
element_end
element_start,remove_ves_god_denial_tokens,Effect
m_Chance,1,
m_TokenRemoveTag,god_denial,
m_TokenRemoveAmount,99,
all_conditions,target_is_vestal,
element_end
element_start,rest_item_quirk_alcohol,Effect
m_Chance,0.075,
m_QuirkAddTag,alcohol,
m_QuirkAddAmount,1,
m_QuirkAddAmountRange,0,
m_IsVisible,False,
element_end
element_start,rest_item_quirk_bawdy,Effect
m_Chance,0.075,
m_QuirkAddTag,bawdy,
m_QuirkAddAmount,1,
m_QuirkAddAmountRange,0,
m_IsVisible,False,
element_end
element_start,rest_item_quirk_beads,Effect
m_Chance,0.075,
m_QuirkAddTag,beads,
m_QuirkAddAmount,1,
m_QuirkAddAmountRange,0,
m_IsVisible,False,
element_end
element_start,rest_item_quirk_blood,Effect
m_Chance,0.075,
m_QuirkAddTag,blood,
m_QuirkAddAmount,1,
m_QuirkAddAmountRange,0,
m_IsVisible,False,
element_end
element_start,rest_item_quirk_blood_smaller_chc,Effect
m_Chance,0.05,
m_QuirkAddTag,blood,
m_QuirkAddAmount,1,
m_QuirkAddAmountRange,0,
m_IsVisible,False,
element_end
element_start,rest_item_quirk_book,Effect
m_Chance,0.05,
m_QuirkAddTag,book,
m_QuirkAddAmount,1,
m_QuirkAddAmountRange,0,
m_IsVisible,False,
element_end
element_start,rest_item_quirk_boxing_gloves,Effect
m_Chance,0.05,
m_QuirkAddTag,boxing_gloves,
m_QuirkAddAmount,1,
m_QuirkAddAmountRange,0,
m_IsVisible,False,
element_end
element_start,rest_item_quirk_calming_incense,Effect
m_Chance,0.05,
m_QuirkAddTag,calming_incense,
m_QuirkAddAmount,1,
m_QuirkAddAmountRange,0,
m_IsVisible,False,
element_end
element_start,rest_item_quirk_candles,Effect
m_Chance,0.05,
m_QuirkAddTag,candles_and_chocolate,
m_QuirkAddAmount,1,
m_QuirkAddAmountRange,0,
m_IsVisible,False,
element_end
element_start,rest_item_quirk_darts,Effect
m_Chance,0.05,
m_QuirkAddTag,darts,
m_QuirkAddAmount,1,
m_QuirkAddAmountRange,0,
m_IsVisible,False,
element_end
element_start,rest_item_quirk_desert,Effect
m_Chance,0.05,
m_QuirkAddTag,desert,
m_QuirkAddAmount,1,
m_QuirkAddAmountRange,0,
m_IsVisible,False,
element_end
element_start,rest_item_quirk_drum,Effect
m_Chance,0.05,
m_QuirkAddTag,drum,
m_QuirkAddAmount,1,
m_QuirkAddAmountRange,0,
m_IsVisible,False,
element_end
element_start,rest_item_quirk_exhausting,Effect
m_Chance,0.05,
m_QuirkAddTag,exhausting,
m_QuirkAddAmount,1,
m_QuirkAddAmountRange,0,
m_IsVisible,False,
element_end
element_start,rest_item_quirk_idol,Effect
m_Chance,0.05,
m_QuirkAddTag,idol,
m_QuirkAddAmount,1,
m_QuirkAddAmountRange,0,
m_IsVisible,False,
element_end
element_start,rest_item_quirk_insults,Effect
m_Chance,0.05,
m_QuirkAddTag,insults,
m_QuirkAddAmount,1,
m_QuirkAddAmountRange,0,
m_IsVisible,False,
element_end
element_start,rest_item_quirk_medicinal_leeches,Effect
m_Chance,0.05,
m_QuirkAddTag,leeches,
m_QuirkAddAmount,1,
m_QuirkAddAmountRange,0,
m_IsVisible,False,
element_end
element_start,rest_item_quirk_meditative_totem,Effect
m_Chance,0.05,
m_QuirkAddTag,totem,
m_QuirkAddAmount,1,
m_QuirkAddAmountRange,0,
m_IsVisible,False,
element_end
element_start,rest_item_quirk_mop,Effect
m_Chance,0.05,
m_QuirkAddTag,cleanliness,
m_QuirkAddAmount,1,
m_QuirkAddAmountRange,0,
m_IsVisible,False,
element_end
element_start,rest_item_quirk_music,Effect
m_Chance,0.05,
m_QuirkAddTag,music,
m_QuirkAddAmount,1,
m_QuirkAddAmountRange,0,
m_IsVisible,False,
element_end
element_start,rest_item_quirk_nightshade,Effect
m_Chance,0.05,
m_QuirkAddTag,nightshade,
m_QuirkAddAmount,1,
m_QuirkAddAmountRange,0,
m_IsVisible,False,
element_end
element_start,rest_item_quirk_pig,Effect
m_Chance,0.05,
m_QuirkAddTag,feast,
m_QuirkAddAmount,1,
m_QuirkAddAmountRange,0,
m_IsVisible,False,
element_end
element_start,rest_item_quirk_pipeweed,Effect
m_Chance,0.05,
m_QuirkAddTag,pipeweed,
m_QuirkAddAmount,1,
m_QuirkAddAmountRange,0,
m_IsVisible,False,
element_end
element_start,rest_item_quirk_playing_cards,Effect
m_Chance,0.05,
m_QuirkAddTag,playing_cards,
m_QuirkAddAmount,1,
m_QuirkAddAmountRange,0,
m_IsVisible,False,
element_end
element_start,rest_item_quirk_poetry,Effect
m_Chance,0.05,
m_QuirkAddTag,poetry,
m_QuirkAddAmount,1,
m_QuirkAddAmountRange,0,
m_IsVisible,False,
element_end
element_start,rest_item_quirk_poultice,Effect
m_Chance,0.05,
m_QuirkAddTag,poultice,
m_QuirkAddAmount,1,
m_QuirkAddAmountRange,0,
m_IsVisible,False,
element_end
element_start,rest_item_quirk_speed_bag,Effect
m_Chance,0.05,
m_QuirkAddTag,speed_bag,
m_QuirkAddAmount,1,
m_QuirkAddAmountRange,0,
m_IsVisible,False,
element_end
element_start,rest_item_quirk_stimulant,Effect
m_Chance,0.05,
m_QuirkAddTag,stimulant,
m_QuirkAddAmount,1,
m_QuirkAddAmountRange,0,
m_IsVisible,False,
element_end
element_start,rest_item_quirk_stitching_kit,Effect
m_Chance,0.05,
m_QuirkAddTag,stitching_kit,
m_QuirkAddAmount,1,
m_QuirkAddAmountRange,0,
m_IsVisible,False,
element_end
element_start,rest_item_quirk_tug_rope,Effect
m_Chance,0.05,
m_QuirkAddTag,tug_rope,
m_QuirkAddAmount,1,
m_QuirkAddAmountRange,0,
m_IsVisible,False,
element_end
element_start,rest_item_quirk_wax_innoculant,Effect
m_Chance,0.05,
m_QuirkAddTag,wax_innoculant,
m_QuirkAddAmount,1,
m_QuirkAddAmountRange,0,
m_IsVisible,False,
element_end
element_start,rest_item_quirk_whittling,Effect
m_Chance,0.05,
m_QuirkAddTag,whittling,
m_QuirkAddAmount,1,
m_QuirkAddAmountRange,0,
m_IsVisible,False,
element_end
element_start,revive_arbalist,Effect
m_Chance,1,
m_ChangeClassActorId,lost_battalion_arbalist,
m_AddTurn,0,
all_conditions,target_is_arbalist_corpse,
element_end
element_start,revive_drummer,Effect
m_Chance,1,
m_ChangeClassActorId,lost_battalion_drummer,
m_AddTurn,0,
all_conditions,target_is_drummer_corpse,
element_end
element_start,revive_foot_soldier,Effect
m_Chance,1,
m_ChangeClassActorId,lost_battalion_foot_soldier,
m_AddTurn,0,
all_conditions,target_is_foot_soldier_corpse,
element_end
element_start,revive_knight,Effect
m_Chance,1,
m_ChangeClassActorId,lost_battalion_knight,
m_AddTurn,0,
all_conditions,target_is_knight_corpse,
element_end
element_start,run_signature_item_effect,Effect
m_Chance,0.05,
m_LootIds,tar_filled_colambre_inn,
element_end
element_start,runaway_combo_fire_spread,Effect
m_Chance,1,
m_DotAddId,skill_medium_burn_dot,
m_DotAddAmount,1,
all_conditions,target_is_combo_primed,always_return_false_hidden,
element_end
element_start,runaway_firestarter_burn_buff_e,Effect
m_Chance,1,
buffs,runaway_firestarter_burn_buff,
element_end
element_start,runaway_firestarter_u_burn_buff_e,Effect
m_Chance,1,
buffs,runaway_firestarter_u_burn_buff,
element_end
element_start,sacrificial_a_new_sun_burn,Effect
m_Chance,1,
m_DotAddId,medium_burn_dot,
m_DotAddAmount,1,
element_end
element_start,sacrificial_a_new_sun_summon,Effect
m_Chance,1,
m_SummonClassActorId,fanatic_whipper,
m_SummonLocationType,FRONT,
m_SummonIfRoom,True,
element_end
element_start,shambler_summon_tentacle_2_behind,Effect
m_Chance,1,
m_SummonClassActorId,shared_shambler_tentacle,
m_SummonLocationType,BACK,
m_SummonIfRoom,True,
element_end
element_start,shambler_summon_tentacle_2_front,Effect
m_Chance,1,
m_SummonClassActorId,shared_shambler_tentacle,
m_SummonLocationType,FRONT,
m_SummonIfRoom,True,
element_end
element_start,shambler_summon_tentacle_behind,Effect
m_Chance,1,
m_SummonClassActorId,shared_shambler_tentacle,
m_SummonLocationType,BACK,
m_SummonIfRoom,True,
element_end
element_start,shambler_summon_tentacle_front,Effect
m_Chance,1,
m_SummonClassActorId,shared_shambler_tentacle,
m_SummonLocationType,FRONT,
m_SummonIfRoom,True,
element_end
element_start,shambler_tentacle_crit_buff_e,Effect
m_Chance,1,
buffs,shambler_tentacle_crit_buff,
element_end
element_start,shambler_tentacle_damage_buff_e,Effect
m_Chance,1,
buffs,shambler_tentacle_damage_buff,
element_end
element_start,shambler_tentacle_speed_buff_e,Effect
m_Chance,1,
buffs,shambler_tentacle_speed_buff,
element_end
element_start,shared_feed_me_heal,Effect
m_Chance,1,
m_DotAddId,pe_shared_feed_me_hot,
m_DotAddAmount,1,
element_end
element_start,shared_feed_me_speed_buff_e,Effect
m_Chance,1,
buffs,shared_feed_me_speed_buff,
element_end
element_start,shroud_scrounger_effect_loot,Effect
m_Chance,1,
m_LootIds,COAST_SCROUNGER_BANTER_LOOT,
m_LootReasonId,shroud_scrounger_banter,
element_end
element_start,skill_dot_large_bleed,Effect
m_Chance,1,
m_DotAddId,skill_large_bleed_dot,
m_DotAddAmount,1,
element_end
element_start,skill_dot_large_blight,Effect
m_Chance,1,
m_DotAddId,skill_large_blight_dot,
m_DotAddAmount,1,
element_end
element_start,skill_dot_large_burn,Effect
m_Chance,1,
m_DotAddId,skill_large_burn_dot,
m_DotAddAmount,1,
element_end
element_start,skill_dot_massive_bleed,Effect
m_Chance,1,
m_DotAddId,skill_massive_bleed_dot,
m_DotAddAmount,1,
element_end
element_start,skill_dot_massive_blight,Effect
m_Chance,1,
m_DotAddId,skill_massive_blight_dot,
m_DotAddAmount,1,
element_end
element_start,skill_dot_massive_blight_if_diseased,Effect
m_Chance,1,
m_DotAddId,massive_blight_dot,
m_DotAddAmount,1,
all_conditions,target_is_diseased,
element_end
element_start,skill_dot_massive_burn,Effect
m_Chance,1,
m_DotAddId,skill_massive_burn_dot,
m_DotAddAmount,1,
element_end
element_start,skill_dot_medium_bleed,Effect
m_Chance,1,
m_DotAddId,skill_medium_bleed_dot,
m_DotAddAmount,1,
element_end
element_start,skill_dot_medium_blight,Effect
m_Chance,1,
m_DotAddId,skill_medium_blight_dot,
m_DotAddAmount,1,
element_end
element_start,skill_dot_medium_blight_25pct,Effect
m_Chance,0.25,
m_DotAddId,skill_medium_blight_dot,
m_DotAddAmount,1,
element_end
element_start,skill_dot_medium_burn,Effect
m_Chance,1,
m_DotAddId,skill_medium_burn_dot,
m_DotAddAmount,1,
element_end
element_start,skill_dot_medium_burn_25pct,Effect
m_Chance,0.25,
m_DotAddId,skill_medium_burn_dot,
m_DotAddAmount,1,
element_end
element_start,skill_dot_small_bleed,Effect
m_Chance,1,
m_DotAddId,skill_small_bleed_dot,
m_DotAddAmount,1,
element_end
element_start,skill_dot_small_bleed_if_bone_saw,Effect
m_Chance,1,
m_DotAddId,skill_small_bleed_dot,
m_DotAddAmount,1,
all_conditions,performer_has_bone_saw,
element_end
element_start,skill_dot_small_blight,Effect
m_Chance,1,
m_DotAddId,skill_small_blight_dot,
m_DotAddAmount,1,
element_end
element_start,skill_dot_small_blight_pd_disorienting_blast,Effect
m_Chance,0.5,
m_DotAddId,skill_small_blight_dot,
m_DotAddAmount,1,
all_conditions,skill_is_pd_disorienting_blast,
element_end
element_start,skill_dot_small_blight_ranged_skills,Effect
m_Chance,1,
m_DotAddId,skill_small_blight_dot,
m_DotAddAmount,1,
all_conditions,skill_is_ranged,
element_end
element_start,skill_dot_small_burn,Effect
m_Chance,1,
m_DotAddId,skill_small_burn_dot,
m_DotAddAmount,1,
element_end
element_start,skill_dot_small_burn_ves_illumination,Effect
m_Chance,1,
m_DotAddId,skill_small_burn_dot,
m_DotAddAmount,1,
all_conditions,skill_is_ves_illumination,
element_end
element_start,skill_dot_super_massive_bleed,Effect
m_Chance,1,
m_DotAddId,skill_super_massive_bleed_dot,
m_DotAddAmount,1,
element_end
element_start,skill_dot_very_large_bleed,Effect
m_Chance,1,
m_DotAddId,skill_very_large_bleed_dot,
m_DotAddAmount,1,
element_end
element_start,skill_dot_very_large_bleed_stress_is_5,Effect
m_Chance,1,
m_DotAddId,skill_very_large_bleed_dot,
m_DotAddAmount,1,
all_conditions,performer_stress_exactly_5,
element_end
element_start,skill_dot_very_large_blight,Effect
m_Chance,1,
m_DotAddId,skill_very_large_blight_dot,
m_DotAddAmount,1,
element_end
element_start,skill_dot_very_large_blight_stress_is_5,Effect
m_Chance,1,
m_DotAddId,skill_very_large_blight_dot,
m_DotAddAmount,1,
all_conditions,performer_stress_exactly_5,
element_end
element_start,skill_dot_very_large_burn,Effect
m_Chance,1,
m_DotAddId,skill_very_large_burn_dot,
m_DotAddAmount,1,
element_end
element_start,skill_dot_very_large_burn_stress_is_5,Effect
m_Chance,1,
m_DotAddId,skill_very_large_burn_dot,
m_DotAddAmount,1,
all_conditions,performer_stress_exactly_5,
element_end
element_start,skill_dot_very_small_bleed,Effect
m_Chance,1,
m_DotAddId,skill_very_small_bleed_dot,
m_DotAddAmount,1,
element_end
element_start,skill_dot_very_small_bleed_fishmongers_gloves,Effect
m_Chance,0.33,
m_DotAddId,skill_very_small_bleed_dot,
m_DotAddAmount,1,
all_conditions,performer_has_serrated_tag_equipped,
element_end
element_start,skill_dot_very_small_blight,Effect
m_Chance,1,
m_DotAddId,skill_very_small_blight_dot,
m_DotAddAmount,1,
element_end
element_start,skill_dot_very_small_blight_poison_ring,Effect
m_Chance,0.33,
m_DotAddId,skill_very_small_blight_dot,
m_DotAddAmount,1,
all_conditions,performer_has_noxious_tag_equipped,
element_end
element_start,skill_dot_very_small_burn,Effect
m_Chance,1,
m_DotAddId,skill_very_small_burn_dot,
m_DotAddAmount,1,
element_end
element_start,skill_dot_very_small_burn_15pct,Effect
m_Chance,0.15,
m_DotAddId,skill_very_small_burn_dot,
m_DotAddAmount,1,
element_end
element_start,skill_dot_very_small_burn_tinderbox,Effect
m_Chance,0.33,
m_DotAddId,skill_very_small_burn_dot,
m_DotAddAmount,1,
all_conditions,performer_has_flammable_tag_equipped,
element_end
element_start,smallpox_itchy_bark_10pct,Effect
m_Chance,0.1,
m_IgnoreResist,True,
m_BarkId,bark_disease_smallpox_itchy,
m_IsVisible,False,
element_end
element_start,sort_by_type_class,Effect
m_Chance,1,
m_IgnoreResist,True,
m_SortType,CLASS_NAME,
element_end
element_start,sort_by_type_name,Effect
m_Chance,1,
m_IgnoreResist,True,
m_SortType,NAME,
element_end
element_start,spawning_ground_bosun,Effect
m_Chance,1,
m_IgnoreResist,True,
m_ChangeClassActorId,coastal_bosun,
m_AddTurn,0,
m_IsVisible,False,
element_end
element_start,spawning_ground_captain,Effect
m_Chance,1,
m_IgnoreResist,True,
m_ChangeClassActorId,coastal_captain,
m_AddTurn,0,
m_IsVisible,False,
element_end
element_start,spawning_ground_docker,Effect
m_Chance,1,
m_IgnoreResist,True,
m_ChangeClassActorId,coastal_docker,
m_AddTurn,0,
all_conditions,enemy_party_can_fit_large_part_1,enemy_party_can_fit_large_part_2,
m_IsVisible,False,
element_end
element_start,spawning_ground_fish_monger,Effect
m_Chance,1,
m_IgnoreResist,True,
m_ChangeClassActorId,coastal_fish_monger,
m_AddTurn,0,
m_IsVisible,False,
element_end
element_start,spawning_ground_wharf_rat,Effect
m_Chance,1,
m_IgnoreResist,True,
m_ChangeClassActorId,coastal_wharf_rat,
m_AddTurn,0,
m_IsVisible,False,
element_end
element_start,spider_disease_10pct,Effect
m_Chance,0.1,
m_QuirkAddTag,disease_spider,
m_QuirkAddAmount,1,
m_QuirkAddAmountRange,0,
element_end
element_start,spider_disease_5pct,Effect
m_Chance,0.05,
m_QuirkAddTag,disease_spider,
m_QuirkAddAmount,1,
m_QuirkAddAmountRange,0,
element_end
element_start,spider_disease_7pct,Effect
m_Chance,0.07,
m_QuirkAddTag,disease_spider,
m_QuirkAddAmount,1,
m_QuirkAddAmountRange,0,
element_end
element_start,start_coast_boss_fog,Effect
m_ArenaModifierStartId,coast_boss_fog,
element_end
element_start,steal_1_combo_token_flg_endure,Effect
m_Chance,1,
m_TokenStealTags,combo,
m_TokenStealAmount,1,
all_conditions,skill_is_flg_endure,
element_end
element_start,steal_1_negative_token_flg_endure,Effect
m_Chance,1,
m_TokenStealTags,negative,
m_TokenStealAmount,1,
all_conditions,skill_is_flg_endure,
element_end
element_start,steal_1_positive_token_flg_punish,Effect
m_Chance,1,
m_TokenStealTags,pos_copy_steal,
m_TokenStealAmount,1,
all_conditions,skill_is_flg_punish,
element_end
element_start,steal_2_positive_tokens,Effect
m_Chance,1,
m_TokenStealTags,positive,
m_TokenStealAmount,2,
element_end
element_start,steal_all_negative_tokens,Effect
m_Chance,1,
m_TokenStealTags,negative,
m_TokenStealAmount,99,
element_end
element_start,steal_all_pos_copy_steal_tag_tokens,Effect
m_Chance,1,
m_TokenStealTags,pos_copy_steal,
m_TokenStealAmount,99,
element_end
element_start,steal_all_positive_tokens,Effect
m_Chance,1,
m_TokenStealTags,positive,
m_TokenStealAmount,99,
element_end
element_start,steal_bleed_blight_burn_dot,Effect
m_Chance,1,
m_DotStealTags,dmgdot,
m_DotStealAmount,99,
element_end
element_start,steal_bleed_dot,Effect
m_Chance,1,
m_DotStealTags,bleed,
m_DotStealAmount,99,
element_end
element_start,steal_blight_dot,Effect
m_Chance,1,
m_DotStealTags,blight,
m_DotStealAmount,99,
element_end
element_start,steal_burn_dot,Effect
m_Chance,1,
m_DotStealTags,burn,
m_DotStealAmount,99,
element_end
element_start,steal_combo,Effect
m_Chance,1,
m_TokenStealTags,combo,
m_TokenStealAmount,99,
element_end
element_start,steal_horror_dot,Effect
m_Chance,1,
m_DotStealTags,horror,
m_DotStealAmount,99,
element_end
element_start,stomach_acid_reflux_blight_res_debuff_e,Effect
m_Chance,1,
buffs,stomach_acid_reflux_blight_res_debuff,
element_end
element_start,stomach_convert_logic_a_to_b,Effect
m_Chance,1,
m_TokenConvertFromTokenIds,logic_a,
m_TokenConvertToId,logic_b,
m_TokenConvertAmount,1,
all_conditions,performer_has_0_count,performer_has_1_logic_a,
element_end
element_start,stomach_convert_logic_b_to_a,Effect
m_Chance,1,
m_TokenConvertFromTokenIds,logic_b,
m_TokenConvertToId,logic_a,
m_TokenConvertAmount,1,
all_conditions,performer_has_0_count,performer_has_1_logic_b,
element_end
element_start,stomach_counter_blight_buff_e,Effect
m_Chance,1,
buffs,stomach_counter_blight_buff,
element_end
element_start,stomach_very_small_blight_vs_melee,Effect
m_Chance,1,
m_DotAddId,skill_very_small_blight_dot,
m_DotAddAmount,1,
all_conditions,skill_is_melee,
element_end
element_start,stop_coast_boss_fog,Effect
m_ArenaModifierStopId,coast_boss_fog,
element_end
element_start,story_add_debuff_resist,Effect
m_Chance,1,
buffs,add_debuff_resist_30pct_story,
element_end
element_start,story_broken_clock_quirks_n_chc,Effect
m_Chance,0.33,
m_QuirkAddTag,curio_broken_clock_neg,
m_QuirkAddAmount,1,
m_QuirkAddAmountRange,0,
element_end
element_start,story_broken_clock_quirks_n_gtd,Effect
m_Chance,1,
m_QuirkAddTag,curio_broken_clock_neg,
m_QuirkAddAmount,1,
m_QuirkAddAmountRange,0,
element_end
element_start,story_broken_clock_quirks_p_chc,Effect
m_Chance,0.33,
m_QuirkAddTag,curio_broken_clock_pos,
m_QuirkAddAmount,1,
m_QuirkAddAmountRange,0,
element_end
element_start,story_broken_clock_quirks_p_gtd,Effect
m_Chance,1,
m_QuirkAddTag,curio_broken_clock_pos,
m_QuirkAddAmount,1,
m_QuirkAddAmountRange,0,
element_end
element_start,story_caged_creature_quirks_n_chc,Effect
m_Chance,0.33,
m_QuirkAddTag,curio_caged_creature_neg,
m_QuirkAddAmount,1,
m_QuirkAddAmountRange,0,
element_end
element_start,story_caged_creature_quirks_n_gtd,Effect
m_Chance,1,
m_QuirkAddTag,curio_caged_creature_neg,
m_QuirkAddAmount,1,
m_QuirkAddAmountRange,0,
element_end
element_start,story_caged_creature_quirks_p_chc,Effect
m_Chance,0.33,
m_QuirkAddTag,curio_caged_creature_pos,
m_QuirkAddAmount,1,
m_QuirkAddAmountRange,0,
element_end
element_start,story_caged_creature_quirks_p_gtd,Effect
m_Chance,1,
m_QuirkAddTag,curio_caged_creature_pos,
m_QuirkAddAmount,1,
m_QuirkAddAmountRange,0,
element_end
element_start,story_combat_25pct_dmg_buff_e,Effect
m_Chance,1,
buffs,story_combat_dmg_25pct_buff,
element_end
element_start,story_combat_deathblow_resist_e,Effect
m_Chance,1,
buffs,story_combat_deathblow_resist,
element_end
element_start,story_debuff_blight_resist,Effect
m_Chance,1,
m_IgnoreResist,True,
buffs,debuff_blight_resist_story,
element_end
element_start,story_exert_cost_quirk,Effect
m_Chance,1,
m_QuirkAddTag,story_exert_cost_quirk,
m_QuirkAddAmount,1,
m_QuirkAddAmountRange,0,
element_end
element_start,story_faceless_facsimile_quirks_n_chc,Effect
m_Chance,0.33,
m_QuirkAddTag,curio_faceless_facsimile_neg,
m_QuirkAddAmount,1,
m_QuirkAddAmountRange,0,
element_end
element_start,story_faceless_facsimile_quirks_n_gtd,Effect
m_Chance,1,
m_QuirkAddTag,curio_faceless_facsimile_neg,
m_QuirkAddAmount,1,
m_QuirkAddAmountRange,0,
element_end
element_start,story_faceless_facsimile_quirks_p_chc,Effect
m_Chance,0.33,
m_QuirkAddTag,curio_faceless_facsimile_pos,
m_QuirkAddAmount,1,
m_QuirkAddAmountRange,0,
element_end
element_start,story_faceless_facsimile_quirks_p_gtd,Effect
m_Chance,1,
m_QuirkAddTag,curio_faceless_facsimile_pos,
m_QuirkAddAmount,1,
m_QuirkAddAmountRange,0,
element_end
element_start,story_familiar_desk_quirks_n_chc,Effect
m_Chance,0.33,
m_QuirkAddTag,curio_familiar_desk_neg,
m_QuirkAddAmount,1,
m_QuirkAddAmountRange,0,
element_end
element_start,story_familiar_desk_quirks_n_gtd,Effect
m_Chance,1,
m_QuirkAddTag,curio_familiar_desk_neg,
m_QuirkAddAmount,1,
m_QuirkAddAmountRange,0,
element_end
element_start,story_familiar_desk_quirks_p_chc,Effect
m_Chance,0.33,
m_QuirkAddTag,curio_familiar_desk_pos,
m_QuirkAddAmount,1,
m_QuirkAddAmountRange,0,
element_end
element_start,story_familiar_desk_quirks_p_gtd,Effect
m_Chance,1,
m_QuirkAddTag,curio_familiar_desk_pos,
m_QuirkAddAmount,1,
m_QuirkAddAmountRange,0,
element_end
element_start,story_formless_sculpture_quirks_n_chc,Effect
m_Chance,0.33,
m_QuirkAddTag,curio_formless_sculpture_neg,
m_QuirkAddAmount,1,
m_QuirkAddAmountRange,0,
element_end
element_start,story_formless_sculpture_quirks_n_gtd,Effect
m_Chance,1,
m_QuirkAddTag,curio_formless_sculpture_neg,
m_QuirkAddAmount,1,
m_QuirkAddAmountRange,0,
element_end
element_start,story_formless_sculpture_quirks_p_chc,Effect
m_Chance,0.33,
m_QuirkAddTag,curio_formless_sculpture_pos,
m_QuirkAddAmount,1,
m_QuirkAddAmountRange,0,
element_end
element_start,story_formless_sculpture_quirks_p_gtd,Effect
m_Chance,1,
m_QuirkAddTag,curio_formless_sculpture_pos,
m_QuirkAddAmount,1,
m_QuirkAddAmountRange,0,
element_end
element_start,story_hovering_polyhedra_quirks_n_chc,Effect
m_Chance,0.33,
m_QuirkAddTag,curio_hovering_polyhedra_neg,
m_QuirkAddAmount,1,
m_QuirkAddAmountRange,0,
element_end
element_start,story_hovering_polyhedra_quirks_n_gtd,Effect
m_Chance,1,
m_QuirkAddTag,curio_hovering_polyhedra_neg,
m_QuirkAddAmount,1,
m_QuirkAddAmountRange,0,
element_end
element_start,story_hovering_polyhedra_quirks_p_chc,Effect
m_Chance,0.33,
m_QuirkAddTag,curio_hovering_polyhedra_pos,
m_QuirkAddAmount,1,
m_QuirkAddAmountRange,0,
element_end
element_start,story_hovering_polyhedra_quirks_p_gtd,Effect
m_Chance,1,
m_QuirkAddTag,curio_hovering_polyhedra_pos,
m_QuirkAddAmount,1,
m_QuirkAddAmountRange,0,
element_end
element_start,story_intefere_stress_party_cost,Effect
m_Chance,1,
m_StressDamage,1,
element_end
element_start,story_memories_of_a_dream_quirks_n_chc,Effect
m_Chance,0.33,
m_QuirkAddTag,curio_memories_of_a_dream_neg,
m_QuirkAddAmount,1,
m_QuirkAddAmountRange,0,
element_end
element_start,story_memories_of_a_dream_quirks_n_gtd,Effect
m_Chance,1,
m_QuirkAddTag,curio_memories_of_a_dream_neg,
m_QuirkAddAmount,1,
m_QuirkAddAmountRange,0,
element_end
element_start,story_memories_of_a_dream_quirks_p_chc,Effect
m_Chance,0.33,
m_QuirkAddTag,curio_memories_of_a_dream_pos,
m_QuirkAddAmount,1,
m_QuirkAddAmountRange,0,
element_end
element_start,story_memories_of_a_dream_quirks_p_gtd,Effect
m_Chance,1,
m_QuirkAddTag,curio_memories_of_a_dream_pos,
m_QuirkAddAmount,1,
m_QuirkAddAmountRange,0,
element_end
element_start,story_scary_song_quirks_n_chc,Effect
m_Chance,0.33,
m_QuirkAddTag,curio_scary_song_neg,
m_QuirkAddAmount,1,
m_QuirkAddAmountRange,0,
element_end
element_start,story_scary_song_quirks_n_gtd,Effect
m_Chance,1,
m_QuirkAddTag,curio_scary_song_neg,
m_QuirkAddAmount,1,
m_QuirkAddAmountRange,0,
element_end
element_start,story_scary_song_quirks_p_chc,Effect
m_Chance,0.33,
m_QuirkAddTag,curio_scary_song_pos,
m_QuirkAddAmount,1,
m_QuirkAddAmountRange,0,
element_end
element_start,story_scary_song_quirks_p_gtd,Effect
m_Chance,1,
m_QuirkAddTag,curio_scary_song_pos,
m_QuirkAddAmount,1,
m_QuirkAddAmountRange,0,
element_end
element_start,story_sealed_doorway_quirks_n_chc,Effect
m_Chance,0.33,
m_QuirkAddTag,curio_sealed_doorway_neg,
m_QuirkAddAmount,1,
m_QuirkAddAmountRange,0,
element_end
element_start,story_sealed_doorway_quirks_n_gtd,Effect
m_Chance,1,
m_QuirkAddTag,curio_sealed_doorway_neg,
m_QuirkAddAmount,1,
m_QuirkAddAmountRange,0,
element_end
element_start,story_sealed_doorway_quirks_p_chc,Effect
m_Chance,0.33,
m_QuirkAddTag,curio_sealed_doorway_pos,
m_QuirkAddAmount,1,
m_QuirkAddAmountRange,0,
element_end
element_start,story_sealed_doorway_quirks_p_gtd,Effect
m_Chance,1,
m_QuirkAddTag,curio_sealed_doorway_pos,
m_QuirkAddAmount,1,
m_QuirkAddAmountRange,0,
element_end
element_start,story_shamblers_altar_quirks_n_chc,Effect
m_Chance,0.33,
m_QuirkAddTag,curio_shamblers_altar_neg,
m_QuirkAddAmount,1,
m_QuirkAddAmountRange,0,
element_end
element_start,story_shamblers_altar_quirks_n_gtd,Effect
m_Chance,1,
m_QuirkAddTag,curio_shamblers_altar_neg,
m_QuirkAddAmount,1,
m_QuirkAddAmountRange,0,
element_end
element_start,story_shamblers_altar_quirks_p_chc,Effect
m_Chance,0.33,
m_QuirkAddTag,curio_shamblers_altar_pos,
m_QuirkAddAmount,1,
m_QuirkAddAmountRange,0,
element_end
element_start,story_shamblers_altar_quirks_p_gtd,Effect
m_Chance,1,
m_QuirkAddTag,curio_shamblers_altar_pos,
m_QuirkAddAmount,1,
m_QuirkAddAmountRange,0,
element_end
element_start,story_thing_in_corner_quirks_n_chc,Effect
m_Chance,0.33,
m_QuirkAddTag,curio_thing_in_corner_neg,
m_QuirkAddAmount,1,
m_QuirkAddAmountRange,0,
element_end
element_start,story_thing_in_corner_quirks_n_gtd,Effect
m_Chance,1,
m_QuirkAddTag,curio_thing_in_corner_neg,
m_QuirkAddAmount,1,
m_QuirkAddAmountRange,0,
element_end
element_start,story_thing_in_corner_quirks_p_chc,Effect
m_Chance,0.33,
m_QuirkAddTag,curio_thing_in_corner_pos,
m_QuirkAddAmount,1,
m_QuirkAddAmountRange,0,
element_end
element_start,story_thing_in_corner_quirks_p_gtd,Effect
m_Chance,1,
m_QuirkAddTag,curio_thing_in_corner_pos,
m_QuirkAddAmount,1,
m_QuirkAddAmountRange,0,
element_end
element_start,story_thought_experiment_quirks_n_chc,Effect
m_Chance,0.33,
m_QuirkAddTag,curio_thought_experiment_neg,
m_QuirkAddAmount,1,
m_QuirkAddAmountRange,0,
element_end
element_start,story_thought_experiment_quirks_n_gtd,Effect
m_Chance,1,
m_QuirkAddTag,curio_thought_experiment_neg,
m_QuirkAddAmount,1,
m_QuirkAddAmountRange,0,
element_end
element_start,story_thought_experiment_quirks_p_chc,Effect
m_Chance,0.33,
m_QuirkAddTag,curio_thought_experiment_pos,
m_QuirkAddAmount,1,
m_QuirkAddAmountRange,0,
element_end
element_start,story_thought_experiment_quirks_p_gtd,Effect
m_Chance,1,
m_QuirkAddTag,curio_thought_experiment_pos,
m_QuirkAddAmount,1,
m_QuirkAddAmountRange,0,
element_end
element_start,story_timeworn_volumes_quirks_n_chc,Effect
m_Chance,0.33,
m_QuirkAddTag,curio_timeworn_volumes_neg,
m_QuirkAddAmount,1,
m_QuirkAddAmountRange,0,
element_end
element_start,story_timeworn_volumes_quirks_n_gtd,Effect
m_Chance,1,
m_QuirkAddTag,curio_timeworn_volumes_neg,
m_QuirkAddAmount,1,
m_QuirkAddAmountRange,0,
element_end
element_start,story_timeworn_volumes_quirks_p_chc,Effect
m_Chance,0.33,
m_QuirkAddTag,curio_timeworn_volumes_pos,
m_QuirkAddAmount,1,
m_QuirkAddAmountRange,0,
element_end
element_start,story_timeworn_volumes_quirks_p_gtd,Effect
m_Chance,1,
m_QuirkAddTag,curio_timeworn_volumes_pos,
m_QuirkAddAmount,1,
m_QuirkAddAmountRange,0,
element_end
element_start,story_unsettling_portrait_quirks_n_chc,Effect
m_Chance,0.33,
m_QuirkAddTag,curio_unsettling_portrait_neg,
m_QuirkAddAmount,1,
m_QuirkAddAmountRange,0,
element_end
element_start,story_unsettling_portrait_quirks_n_gtd,Effect
m_Chance,1,
m_QuirkAddTag,curio_unsettling_portrait_neg,
m_QuirkAddAmount,1,
m_QuirkAddAmountRange,0,
element_end
element_start,story_unsettling_portrait_quirks_p_chc,Effect
m_Chance,0.33,
m_QuirkAddTag,curio_unsettling_portrait_pos,
m_QuirkAddAmount,1,
m_QuirkAddAmountRange,0,
element_end
element_start,story_unsettling_portrait_quirks_p_gtd,Effect
m_Chance,1,
m_QuirkAddTag,curio_unsettling_portrait_pos,
m_QuirkAddAmount,1,
m_QuirkAddAmountRange,0,
element_end
element_start,story_vintage_collection_quirks_n_chc,Effect
m_Chance,0.33,
m_QuirkAddTag,curio_vintage_collection_neg,
m_QuirkAddAmount,1,
m_QuirkAddAmountRange,0,
element_end
element_start,story_vintage_collection_quirks_n_gtd,Effect
m_Chance,1,
m_QuirkAddTag,curio_vintage_collection_neg,
m_QuirkAddAmount,1,
m_QuirkAddAmountRange,0,
element_end
element_start,story_vintage_collection_quirks_p_chc,Effect
m_Chance,0.33,
m_QuirkAddTag,curio_vintage_collection_pos,
m_QuirkAddAmount,1,
m_QuirkAddAmountRange,0,
element_end
element_start,story_vintage_collection_quirks_p_gtd,Effect
m_Chance,1,
m_QuirkAddTag,curio_vintage_collection_pos,
m_QuirkAddAmount,1,
m_QuirkAddAmountRange,0,
element_end
element_start,stress_damage_1,Effect
m_Chance,1,
m_StressDamage,1,
element_end
element_start,stress_damage_1_10pct,Effect
m_Chance,0.1,
m_StressDamage,1,
element_end
element_start,stress_damage_1_25pct,Effect
m_Chance,0.25,
m_StressDamage,1,
element_end
element_start,stress_damage_1_25pct_melee_skills,Effect
m_Chance,0.25,
m_StressDamage,1,
all_conditions,skill_is_melee,
element_end
element_start,stress_damage_1_25pct_ranged_skills,Effect
m_Chance,0.25,
m_StressDamage,1,
all_conditions,skill_is_ranged,
element_end
element_start,stress_damage_1_30pct,Effect
m_Chance,0.3,
m_StressDamage,1,
element_end
element_start,stress_damage_1_30pct_if_target_corpse,Effect
m_Chance,0.3,
m_StressDamage,1,
all_conditions,target_is_corpse,
element_end
element_start,stress_damage_1_33pct,Effect
m_Chance,0.33,
m_StressDamage,1,
element_end
element_start,stress_damage_1_50pct,Effect
m_Chance,0.5,
m_StressDamage,1,
element_end
element_start,stress_damage_1_50pct_if_animal_present,Effect
m_Chance,0.5,
m_StressDamage,1,
all_conditions,enemy_party_contains_animal,
element_end
element_start,stress_damage_1_50pct_if_cadaver_present,Effect
m_Chance,0.5,
m_StressDamage,1,
all_conditions,enemy_party_contains_cadaver,
element_end
element_start,stress_damage_1_50pct_if_cosmic_present,Effect
m_Chance,0.5,
m_StressDamage,1,
all_conditions,enemy_party_contains_cosmic,
element_end
element_start,stress_damage_1_50pct_if_fanatic_present,Effect
m_Chance,0.5,
m_StressDamage,1,
all_conditions,enemy_party_contains_fanatic,
element_end
element_start,stress_damage_1_50pct_if_fisherfolk_present,Effect
m_Chance,0.5,
m_StressDamage,1,
all_conditions,enemy_party_contains_fisherfolk,
element_end
element_start,stress_damage_1_50pct_if_gaunt_present,Effect
m_Chance,0.5,
m_StressDamage,1,
all_conditions,enemy_party_contains_gaunt,
element_end
element_start,stress_damage_1_50pct_if_gentry_present,Effect
m_Chance,0.5,
m_StressDamage,1,
all_conditions,enemy_party_contains_gentry,
element_end
element_start,stress_damage_1_50pct_if_pillager_present,Effect
m_Chance,0.5,
m_StressDamage,1,
all_conditions,enemy_party_contains_pillager,
element_end
element_start,stress_damage_1_50pct_if_swine_present,Effect
m_Chance,0.5,
m_StressDamage,1,
all_conditions,enemy_party_contains_swine,
element_end
element_start,stress_damage_1_5pct,Effect
m_Chance,0.05,
m_StressDamage,1,
element_end
element_start,stress_damage_1_66pct,Effect
m_Chance,0.66,
m_StressDamage,1,
element_end
element_start,stress_damage_1_75pct,Effect
m_Chance,0.75,
m_StressDamage,1,
element_end
element_start,stress_damage_1_below_high_tier,Effect
m_Chance,1,
m_StressDamage,1,
all_conditions,target_stress_below_high_tier,
element_end
element_start,stress_damage_1_first_initiative,Effect
m_Chance,1,
m_StressDamage,1,
all_conditions,performer_has_first_initiative,
element_end
element_start,stress_damage_1_if_performer_bleed,Effect
m_Chance,1,
m_StressDamage,1,
all_conditions,performer_has_bleed_dot,
element_end
element_start,stress_damage_1_if_performer_blight,Effect
m_Chance,1,
m_StressDamage,1,
all_conditions,performer_has_blight_dot,
element_end
element_start,stress_damage_1_if_performer_burn,Effect
m_Chance,1,
m_StressDamage,1,
all_conditions,performer_has_burn_dot,
element_end
element_start,stress_damage_1_if_performer_not_corpse,Effect
m_Chance,1,
m_StressDamage,1,
all_conditions,performer_is_not_corpse,
element_end
element_start,stress_damage_1_if_rank_1,Effect
m_Chance,1,
m_StressDamage,1,
all_conditions,performer_is_in_rank_1,
element_end
element_start,stress_damage_1_melee_skills,Effect
m_Chance,1,
m_StressDamage,1,
all_conditions,skill_is_melee,
element_end
element_start,stress_damage_1_ranged_skills,Effect
m_Chance,1,
m_StressDamage,1,
all_conditions,skill_is_ranged,
element_end
element_start,stress_damage_1_stress_is_5,Effect
m_Chance,1,
m_StressDamage,1,
all_conditions,performer_stress_exactly_5,
element_end
element_start,stress_damage_1_vs_gaunt,Effect
m_Chance,1,
m_StressDamage,1,
all_conditions,enemy_party_contains_gaunt,
element_end
element_start,stress_damage_10,Effect
m_Chance,1,
m_StressDamage,10,
element_end
element_start,stress_damage_2,Effect
m_Chance,1,
m_StressDamage,2,
element_end
element_start,stress_damage_2_10pct,Effect
m_Chance,0.1,
m_StressDamage,2,
element_end
element_start,stress_damage_2_if_rank_3,Effect
m_Chance,1,
m_StressDamage,2,
all_conditions,performer_is_in_rank_3,
element_end
element_start,stress_damage_2_if_rank_4,Effect
m_Chance,1,
m_StressDamage,2,
all_conditions,performer_is_in_rank_4,
element_end
element_start,stress_damage_3,Effect
m_Chance,1,
m_StressDamage,3,
element_end
element_start,stress_damage_4,Effect
m_Chance,1,
m_StressDamage,4,
element_end
element_start,stress_damage_5,Effect
m_Chance,1,
m_StressDamage,5,
element_end
element_start,stress_damage_5_hidden,Effect
m_Chance,1,
m_StressDamage,5,
m_IsVisible,False,
element_end
element_start,stress_damage_6,Effect
m_Chance,1,
m_StressDamage,6,
element_end
element_start,stress_damage_7,Effect
m_Chance,1,
m_StressDamage,7,
element_end
element_start,stress_damage_8,Effect
m_Chance,1,
m_StressDamage,8,
element_end
element_start,stress_damage_9,Effect
m_Chance,1,
m_StressDamage,9,
element_end
element_start,stress_damage_double_lung,Effect
m_Chance,1,
m_StressDamage,3,
all_conditions,both_lungs_inflated,
element_end
element_start,stress_damage_single_lung,Effect
m_Chance,1,
m_StressDamage,2,
all_conditions,single_lung_inflated,
element_end
element_start,stress_heal_1,Effect
m_Chance,1,
m_StressHeal,1,
element_end
element_start,stress_heal_1_15pct,Effect
m_Chance,0.15,
m_StressHeal,1,
element_end
element_start,stress_heal_1_25pct,Effect
m_Chance,0.25,
m_StressHeal,1,
element_end
element_start,stress_heal_1_33pct,Effect
m_Chance,0.33,
m_StressHeal,1,
element_end
element_start,stress_heal_1_40pct,Effect
m_Chance,0.4,
m_StressHeal,1,
element_end
element_start,stress_heal_1_50pct,Effect
m_Chance,0.5,
m_StressHeal,1,
element_end
element_start,stress_heal_1_67pct,Effect
m_Chance,0.67,
m_StressHeal,1,
element_end
element_start,stress_heal_1_70pct,Effect
m_Chance,0.7,
m_StressHeal,1,
element_end
element_start,stress_heal_1_75pct,Effect
m_Chance,0.75,
m_StressHeal,1,
element_end
element_start,stress_heal_1_80pct,Effect
m_Chance,0.8,
m_StressHeal,1,
element_end
element_start,stress_heal_1_hidden,Effect
m_Chance,1,
m_StressHeal,1,
m_IsVisible,False,
element_end
element_start,stress_heal_1_if_target_is_corpse,Effect
m_Chance,1,
m_StressHeal,1,
all_conditions,target_is_corpse,
element_end
element_start,stress_heal_1_in_low_torch,Effect
m_Chance,1,
m_StressHeal,1,
all_conditions,torchlight_below_50,
element_end
element_start,stress_heal_1_performer_at_threshold,Effect
m_Chance,1,
m_StressHeal,1,
all_conditions,performer_at_stress_heal_threshold,
element_end
element_start,stress_heal_1_skill_is_ves_blessing,Effect
m_Chance,1,
m_StressHeal,1,
all_conditions,skill_is_ves_blessing,
element_end
element_start,stress_heal_1_target_at_threshold,Effect
m_Chance,1,
m_StressHeal,1,
all_conditions,target_at_stress_heal_threshold,
element_end
element_start,stress_heal_10,Effect
m_Chance,1,
m_StressHeal,10,
element_end
element_start,stress_heal_10_bauble_condition,Effect
m_Chance,1,
m_StressHeal,10,
all_conditions,baubles_over_100,
element_end
element_start,stress_heal_10_on_deaths_door,Effect
m_Chance,1,
m_StressHeal,10,
all_conditions,performer_on_deaths_door,
element_end
element_start,stress_heal_2,Effect
m_Chance,1,
m_StressHeal,2,
element_end
element_start,stress_heal_2_25pct,Effect
m_Chance,0.25,
m_StressHeal,2,
element_end
element_start,stress_heal_2_75pct,Effect
m_Chance,0.75,
m_StressHeal,2,
element_end
element_start,stress_heal_2_hidden,Effect
m_Chance,1,
m_StressHeal,2,
m_IsVisible,False,
element_end
element_start,stress_heal_2_performer_at_threshold,Effect
m_Chance,1,
m_StressHeal,2,
all_conditions,performer_at_stress_heal_threshold,
element_end
element_start,stress_heal_2_target_at_threshold,Effect
m_Chance,1,
m_StressHeal,2,
all_conditions,target_at_stress_heal_threshold,
element_end
element_start,stress_heal_3,Effect
m_Chance,1,
m_StressHeal,3,
element_end
element_start,stress_heal_3_if_performer_has_logic_a,Effect
m_Chance,1,
m_StressHeal,3,
all_conditions,performer_has_any_logic_a,
m_IsVisible,False,
element_end
element_start,stress_heal_3_performer_at_threshold,Effect
m_Chance,1,
m_StressHeal,3,
all_conditions,performer_at_stress_heal_threshold,
element_end
element_start,stress_heal_4,Effect
m_Chance,1,
m_StressHeal,4,
element_end
element_start,stress_heal_5,Effect
m_Chance,1,
m_StressHeal,5,
element_end
element_start,stress_heal_6,Effect
m_Chance,1,
m_StressHeal,6,
element_end
element_start,stress_heal_7,Effect
m_Chance,1,
m_StressHeal,7,
element_end
element_start,stress_heal_8,Effect
m_Chance,1,
m_StressHeal,8,
element_end
element_start,stress_heal_9,Effect
m_Chance,1,
m_StressHeal,9,
element_end
element_start,stress_heal_when_deaths_door,Effect
m_Chance,1,
m_StressHeal,1,
all_conditions,performer_on_deaths_door,
element_end
element_start,stress_knitter_loot,Effect
m_Chance,1,
m_LootIds,SC_WORKTABLE_LOOM_LOOT,
m_LootReasonId,stress_knitter_banter,
element_end
element_start,stress_lock_death_buff_e,Effect
m_Chance,1,
buffs,stress_lock_death_buff,
all_conditions,brain_stress_lock_is_dead,performer_has_no_stress_lock_buff,
element_end
element_start,stress_lock_death_buff_manager_e,Effect
m_Chance,1,
buffs,stress_lock_death_buff_manager,
element_end
element_start,stun_temp_resist_buff_e,Effect
m_Chance,1,
buffs,stun_temp_resist_buff,
element_end
element_start,summon_chair_run_hs,Effect
m_Chance,1,
m_SummonClassActorId,herostory_run_combat_2_chair,
m_SummonLocationType,BACK,
m_SummonIfRoom,True,
m_IsVisible,False,
element_end
element_start,summon_scrap_pile_run_hs,Effect
m_Chance,1,
m_SummonClassActorId,herostory_run_combat_2_scrap_pile,
m_SummonLocationType,BACK,
m_SummonIfRoom,True,
m_IsVisible,False,
element_end
element_start,supplicant_death_listener_e,Effect
m_Chance,1,
buffs,supplicant_death_listener,
element_end
element_start,swine_skulker_puke_disease,Effect
m_Chance,0.15,
m_QuirkAddTag,disease_general,
m_QuirkAddAmount,1,
m_QuirkAddAmountRange,0,
element_end
element_start,syphilis_ranting_bark,Effect
m_Chance,0.05,
m_IgnoreResist,True,
m_BarkId,bark_disease_syphilis_bark,
m_IsVisible,False,
element_end
element_start,taproot_begin_strangulation,Effect
m_Chance,1,
m_IgnoreResist,True,
m_DotAddId,taproot_damage,
m_DotAddAmount,1,
m_IsLockedTeamPosition,True,
all_conditions,target_has_taproot_tangle_b,
element_end
element_start,taproot_damage_listener_e,Effect
m_Chance,1,
buffs,taproot_damage_listener,
element_end
element_start,taproot_damage_untangle_listener_e,Effect
m_Chance,1,
buffs,taproot_damage_untangle_listener,
element_end
element_start,taproot_extra_action_if_assigning_targets,Effect
m_Chance,1,
m_AddTurn,1,
all_conditions,target_is_taproot_targeting_ready,
element_end
element_start,taproot_extra_action_if_retracting,Effect
m_Chance,1,
m_AddTurn,1,
all_conditions,hero_party_has_any_retractable_tangle,target_has_no_logic_b,
element_end
element_start,taproot_extra_action_if_retracting_twice,Effect
m_Chance,1,
m_AddTurn,1,
all_conditions,hero_party_has_2_or_more_retractable_tangle,target_has_any_logic_b,
element_end
element_start,taproot_remove_all_strangulation,Effect
m_Chance,1,
m_DotRemoveAllTypes,taproot_strangle,
element_end
element_start,tarantism_move_bak_10pct,Effect
m_Chance,0.1,
m_Move,1,
element_end
element_start,tarantism_move_fwd_10pct,Effect
m_Chance,0.1,
m_Move,-1,
element_end
element_start,test_2,Effect
m_Chance,0.05,
m_LootIds,test_loot_table_1,
element_end
element_start,test_add_2_positive_tokens,Effect
m_Chance,1,
m_TokenAddTag,positive,
m_TokenAddAmount,2,
element_end
element_start,test_apply_buff,Effect
m_Chance,1,
buffs,test_skill_heal_buff,
element_end
element_start,test_conditional_or,Effect
m_Chance,1,
m_TokenAddId,strength,
m_TokenAddAmount,1,
m_ShowValue,False,
any_conditions,target_is_combo_primed,enemy_party_has_no_antiquarian,
element_end
element_start,test_container,Effect
m_Chance,1,
buffs,example_on_hit_as_performer_to_performer,
element_end
element_start,test_convert_bleed_to_strength,Effect
m_Chance,1,
m_TokenConvertFromDotTags,bleed,
m_TokenConvertToId,strength,
m_TokenConvertAmount,1,
element_end
element_start,test_copy_token_by_tag,Effect
m_Chance,1,
m_TokenCopyTags,positive,
m_TokenCopyAmount,99,
element_end
element_start,test_grant_specific_quirk,Effect
m_Chance,1,
buffs,TEST_damage_reduction_by_tag_buff,
element_end
element_start,test_inn_loot,Effect
m_Chance,1,
m_LootIds,SC_ALCHEMICAL_GEAR_LOOT,
m_LootReasonId,alchemical_gear,
element_end
element_start,test_move_forward_1_to_3,Effect
m_Chance,1,
m_Move,-3,
m_MoveRange,2,
element_end
element_start,test_remove_1_dodge_source_only,Effect
m_Chance,1,
m_TokenRemoveId,dodge,
m_TokenRemoveAmount,1,
m_ShowValue,False,
m_IsSourceOnly,True,
element_end
element_start,test_remove_1_to_3_neg_quirk,Effect
m_Chance,1,
m_QuirkRemoveTag,negative,
m_QuirkRemoveAmount,1,
m_QuirkRemoveAmountRange,2,
element_end
element_start,test_remove_buff_neg,Effect
m_Chance,1,
m_BuffRemoveAllTags,debuff,
element_end
element_start,test_steal_bleed_dot,Effect
m_Chance,1,
m_DotStealTags,bleed,
m_DotStealAmount,99,
element_end
element_start,test_turn_start_test,Effect
m_Chance,1,
buffs,test_round_start_buff,
element_end
element_start,torch_add_1_blind_lvl1,Effect
m_Chance,0.05,
m_ChancePerRoundSuffix,True,
m_TokenAddId,blind,
m_TokenAddAmount,1,
m_ShowValue,False,
element_end
element_start,torch_add_1_blind_lvl2,Effect
m_Chance,0.1,
m_ChancePerRoundSuffix,True,
m_TokenAddId,blind,
m_TokenAddAmount,1,
m_ShowValue,False,
element_end
element_start,torch_add_1_blind_lvl3,Effect
m_Chance,0.15,
m_TokenAddId,blind,
m_TokenAddAmount,1,
m_ShowValue,False,
element_end
element_start,torch_add_1_block,Effect
m_Chance,0.03,
m_ChancePerRoundSuffix,True,
m_TokenAddId,block,
m_TokenAddAmount,1,
m_ShowValue,False,
element_end
element_start,torch_add_1_crit,Effect
m_Chance,0.03,
m_ChancePerRoundSuffix,True,
m_TokenAddId,crit,
m_TokenAddAmount,1,
m_ShowValue,False,
element_end
element_start,torch_add_1_crit_lvl1,Effect
m_Chance,0.05,
m_TokenAddId,crit,
m_TokenAddAmount,1,
m_ShowValue,False,
element_end
element_start,torch_add_1_crit_lvl2,Effect
m_Chance,0.1,
m_TokenAddId,crit,
m_TokenAddAmount,1,
m_ShowValue,False,
element_end
element_start,torch_add_1_crit_lvl3,Effect
m_Chance,0.15,
m_TokenAddId,crit,
m_TokenAddAmount,1,
m_ShowValue,False,
element_end
element_start,torch_add_1_speed_lvl1,Effect
m_Chance,0.05,
m_TokenAddId,speed,
m_TokenAddAmount,1,
m_ShowValue,False,
element_end
element_start,torch_add_1_speed_lvl2,Effect
m_Chance,0.1,
m_TokenAddId,speed,
m_TokenAddAmount,1,
m_ShowValue,False,
element_end
element_start,torch_add_1_speed_lvl3,Effect
m_Chance,0.15,
m_TokenAddId,speed,
m_TokenAddAmount,1,
m_ShowValue,False,
element_end
element_start,torch_add_1_vuln_lvl1,Effect
m_Chance,0.05,
m_TokenAddId,vulnerable,
m_TokenAddAmount,1,
m_ShowValue,False,
element_end
element_start,torch_add_1_vuln_lvl2,Effect
m_Chance,0.1,
m_TokenAddId,vulnerable,
m_TokenAddAmount,1,
m_ShowValue,False,
element_end
element_start,torch_add_1_vuln_lvl3,Effect
m_Chance,0.15,
m_TokenAddId,vulnerable,
m_TokenAddAmount,1,
m_ShowValue,False,
element_end
element_start,torch_add_1_weak_lvl1,Effect
m_Chance,0.05,
m_TokenAddId,weak,
m_TokenAddAmount,1,
m_ShowValue,False,
element_end
element_start,torch_add_1_weak_lvl2,Effect
m_Chance,0.1,
m_TokenAddId,weak,
m_TokenAddAmount,1,
m_ShowValue,False,
element_end
element_start,torch_add_1_weak_lvl3,Effect
m_Chance,0.15,
m_TokenAddId,weak,
m_TokenAddAmount,1,
m_ShowValue,False,
element_end
element_start,torch_damage_10,Effect
m_Chance,1,
torch,-10,
element_end
element_start,torch_damage_100,Effect
m_Chance,1,
torch,-100,
element_end
element_start,torch_damage_15,Effect
m_Chance,1,
torch,-15,
element_end
element_start,torch_damage_25,Effect
m_Chance,1,
torch,-25,
element_end
element_start,torch_damage_5,Effect
m_Chance,1,
torch,-5,
element_end
element_start,torch_damage_50,Effect
m_Chance,1,
torch,-50,
element_end
element_start,torch_damage_75,Effect
m_Chance,1,
torch,-75,
element_end
element_start,torch_heal_10,Effect
m_Chance,1,
torch,10,
element_end
element_start,torch_heal_100,Effect
m_Chance,1,
torch,100,
element_end
element_start,torch_heal_15,Effect
m_Chance,1,
torch,15,
element_end
element_start,torch_heal_20,Effect
m_Chance,1,
torch,20,
element_end
element_start,torch_heal_25,Effect
m_Chance,1,
torch,25,
element_end
element_start,torch_heal_5,Effect
m_Chance,1,
torch,5,
element_end
element_start,torch_heal_50,Effect
m_Chance,1,
torch,50,
element_end
element_start,torch_heal_75,Effect
m_Chance,1,
torch,75,
element_end
element_start,torso_windup_break_listener_e,Effect
m_Chance,1,
buffs,torso_windup_break_listener,
element_end
element_start,trinket_bh_vengeful_kill_list_dmg_on_kill,Effect
m_Chance,1,
buffs,trinket_bh_vengeful_kill_list_dmg_buff,
all_conditions,target_is_not_corpse_hidden,
element_end
element_start,trophy_add_bleed_resist_buff,Effect
m_Chance,1,
buffs,trophy_cs_bleed_resist_buff,
element_end
element_start,trophy_add_blight_resist_buff,Effect
m_Chance,1,
buffs,trophy_cs_blight_resist_buff,
element_end
element_start,trophy_add_burn_resist_buff,Effect
m_Chance,1,
buffs,trophy_cs_burn_resist_buff,
element_end
element_start,trophy_city_burn_dot,Effect
m_Chance,0.25,
m_DotAddId,medium_burn_dot,
m_DotAddAmount,1,
element_end
element_start,typhoid_lose_1pct_max_health_per_combat,Effect
m_Chance,1,
m_IgnoreResist,True,
buffs,typhoid_healthmax_dmg_container,
element_end
element_start,urchin_where_are_you_debuff_e,Effect
m_Chance,0.5,
buffs,urchin_where_are_you_debuff,
element_end
element_start,very_small_bleed_dot_5pct,Effect
m_Chance,0.05,
m_IgnoreResist,True,
m_DotAddId,very_small_bleed_dot,
m_DotAddAmount,1,
element_end
element_start,ves_blessing_add_1_conviction,Effect
m_Chance,1,
m_TokenAddId,conviction,
m_TokenAddAmount,1,
m_ShowValue,False,
all_conditions,target_is_vestal,
element_end
element_start,ves_blessing_add_1_crit_chance,Effect
m_Chance,0.25,
m_TokenAddId,crit,
m_TokenAddAmount,1,
m_ShowValue,False,
element_end
element_start,ves_blessing_add_1_strength_chance,Effect
m_Chance,0.75,
m_TokenAddId,strength,
m_TokenAddAmount,1,
m_ShowValue,False,
element_end
element_start,ves_divine_grace_conviction_heal_2,Effect
m_Chance,1,
m_HealthHealPercent,0.35,
m_CritChance,0.05,
m_CritMultiplier,0.5,
all_conditions,performer_has_2_conviction,
element_end
element_start,ves_divine_grace_conviction_heal_2_u,Effect
m_Chance,1,
m_HealthHealPercent,0.4,
m_CritChance,0.05,
m_CritMultiplier,0.5,
all_conditions,performer_has_2_conviction,
element_end
element_start,ves_divine_grace_conviction_heal_3,Effect
m_Chance,1,
m_HealthHealPercent,0.45,
m_CritChance,0.05,
m_CritMultiplier,0.5,
all_conditions,performer_has_3_conviction,
m_IsVisible,False,
element_end
element_start,ves_divine_grace_conviction_heal_3_u,Effect
m_Chance,1,
m_HealthHealPercent,0.5,
m_CritChance,0.05,
m_CritMultiplier,0.5,
all_conditions,performer_has_3_conviction,
m_IsVisible,False,
element_end
element_start,ves_divine_grace_heal,Effect
m_Chance,1,
m_HealthHealPercent,0.25,
m_CritChance,0.05,
m_CritMultiplier,0.5,
all_conditions,performer_cannot_pay_conviction_cost,
element_end
element_start,ves_divine_grace_heal_u,Effect
m_Chance,1,
m_HealthHealPercent,0.3,
m_CritChance,0.05,
m_CritMultiplier,0.5,
all_conditions,performer_cannot_pay_conviction_cost,
element_end
element_start,ves_judgement_burn,Effect
m_Chance,1,
m_DotAddId,skill_medium_burn_dot,
m_DotAddAmount,1,
all_conditions,performer_has_3_plus_conviction,
m_IsVisible,False,
element_end
element_start,ves_judgement_burn_u,Effect
m_Chance,1,
m_DotAddId,skill_large_burn_dot,
m_DotAddAmount,1,
all_conditions,performer_has_3_plus_conviction,
m_IsVisible,False,
element_end
element_start,ves_judgement_p3_vuln,Effect
m_Chance,1,
m_TokenAddId,vulnerable,
m_TokenAddAmount,1,
m_ShowValue,False,
all_conditions,performer_has_3_plus_conviction,
m_IsVisible,False,
element_end
element_start,ves_judgement_p3_vuln_u,Effect
m_Chance,1,
m_TokenAddId,vulnerable,
m_TokenAddAmount,2,
m_ShowValue,True,
all_conditions,performer_has_3_plus_conviction,
m_IsVisible,False,
element_end
element_start,ves_judgement_p3_weak,Effect
m_Chance,1,
m_TokenAddId,weak,
m_TokenAddAmount,1,
m_ShowValue,False,
all_conditions,performer_has_2_plus_conviction,
element_end
element_start,ves_judgement_p3_weak_u,Effect
m_Chance,1,
m_TokenAddId,weak,
m_TokenAddAmount,2,
m_ShowValue,True,
all_conditions,performer_has_2_plus_conviction,
element_end
element_start,ves_mantra_add_1_block,Effect
m_Chance,1,
m_TokenAddId,block,
m_TokenAddAmount,1,
m_ShowValue,False,
all_conditions,target_has_blessing_of_fortitude,performer_has_3_plus_conviction,
m_IsVisible,False,
element_end
element_start,ves_mantra_add_1_block_plus,Effect
m_Chance,1,
m_TokenAddId,block_plus,
m_TokenAddAmount,1,
m_ShowValue,False,
all_conditions,target_has_blessing_of_fortitude_u,performer_has_3_plus_conviction,
m_IsVisible,False,
element_end
element_start,ves_mantra_add_1_crit_chance,Effect
m_Chance,0.25,
m_TokenAddId,crit,
m_TokenAddAmount,1,
m_ShowValue,False,
all_conditions,target_has_blessing_of_light_u,performer_has_3_plus_conviction,
m_IsVisible,False,
element_end
element_start,ves_mantra_add_1_dodge,Effect
m_Chance,1,
m_TokenAddId,dodge,
m_TokenAddAmount,1,
m_ShowValue,False,
all_conditions,target_has_blessing_of_fortitude,performer_has_3_plus_conviction,
m_IsVisible,False,
element_end
element_start,ves_mantra_add_1_dodge_plus,Effect
m_Chance,1,
m_TokenAddId,dodge_plus,
m_TokenAddAmount,1,
m_ShowValue,False,
all_conditions,target_has_blessing_of_fortitude_u,performer_has_3_plus_conviction,
m_IsVisible,False,
element_end
element_start,ves_mantra_add_1_strength,Effect
m_Chance,1,
m_TokenAddId,strength,
m_TokenAddAmount,1,
m_ShowValue,False,
all_conditions,target_has_blessing_of_light,performer_has_3_plus_conviction,
m_IsVisible,False,
element_end
element_start,ves_mantra_add_1_strength_chance,Effect
m_Chance,0.75,
m_TokenAddId,strength,
m_TokenAddAmount,1,
m_ShowValue,False,
all_conditions,target_has_blessing_of_light_u,performer_has_3_plus_conviction,
m_IsVisible,False,
element_end
element_start,ves_mantra_heal,Effect
m_Chance,1,
m_HealthHealPercent,0.1,
m_CritChance,0.05,
m_CritMultiplier,0.5,
element_end
element_start,ves_mantra_heal_conviction,Effect
m_Chance,1,
m_HealthHealPercent,0.15,
m_CritChance,0.05,
m_CritMultiplier,0.5,
all_conditions,performer_has_2_plus_conviction,
element_end
element_start,ves_mantra_heal_conviction_u,Effect
m_Chance,1,
m_HealthHealPercent,0.2,
m_CritChance,0.05,
m_CritMultiplier,0.5,
all_conditions,performer_has_2_plus_conviction,
element_end
element_start,ves_mantra_heal_u,Effect
m_Chance,1,
m_HealthHealPercent,0.1,
m_CritChance,0.05,
m_CritMultiplier,0.5,
all_conditions,performer_cannot_pay_conviction_cost,
element_end
element_start,ves_mantra_p1_heal_u,Effect
m_Chance,1,
m_HealthHealPercent,0.15,
m_CritChance,0.05,
m_CritMultiplier,0.5,
element_end
element_start,ves_mantra_p1_self_heal_conviction,Effect
m_Chance,1,
m_HealthHealPercent,0.25,
m_CritChance,0.05,
m_CritMultiplier,0.5,
all_conditions,performer_has_2_plus_conviction,
m_IsVisible,False,
element_end
element_start,ves_mantra_p1_self_stress_heal_conviction,Effect
m_Chance,1,
m_StressHeal,2,
all_conditions,performer_has_3_plus_conviction,
m_IsVisible,False,
element_end
element_start,ves_mantra_p1_stress_heal_conviction,Effect
m_Chance,1,
m_StressHeal,1,
all_conditions,performer_has_3_plus_conviction,
m_IsVisible,False,
element_end
element_start,ves_mantra_p3_cleanse,Effect
m_Chance,1,
m_TokenRemoveTag,negative,
m_TokenRemoveAmount,99,
all_conditions,performer_has_3_plus_conviction,
m_IsVisible,False,
element_end
element_start,ves_mantra_p3_heal_conviction_u,Effect
m_Chance,1,
m_HealthHealPercent,0.2,
m_CritChance,0.05,
m_CritMultiplier,0.5,
all_conditions,performer_has_2_plus_conviction,
m_IsVisible,False,
element_end
element_start,ves_mantra_p3_heal_u,Effect
m_Chance,1,
m_HealthHealPercent,0.1,
m_CritChance,0.05,
m_CritMultiplier,0.5,
all_conditions,performer_cannot_pay_conviction_cost,
element_end
element_start,ves_ministration_bleed_res_buff_e,Effect
m_Chance,1,
buffs,ves_ministration_bleed_res_buff,
all_conditions,target_has_bleed_dot_hidden,
element_end
element_start,ves_ministration_blight_res_buff_e,Effect
m_Chance,1,
buffs,ves_ministration_blight_res_buff,
all_conditions,target_has_blight_dot,
m_IsVisible,False,
element_end
element_start,ves_ministration_burn_res_buff_e,Effect
m_Chance,1,
buffs,ves_ministration_burn_res_buff,
all_conditions,target_has_burn_dot,
m_IsVisible,False,
element_end
element_start,ves_ministration_debuff_res_buff_e,Effect
m_Chance,1,
buffs,ves_ministration_debuff_res_buff,
all_conditions,target_has_negative_token,
m_IsVisible,False,
element_end
element_start,ves_ministration_stun_res_buff_e,Effect
m_Chance,1,
buffs,ves_ministration_stun_res_buff,
all_conditions,target_is_stunned_or_dazed,
m_IsVisible,False,
element_end
element_start,ves_pay_conviction_cost,Effect
m_Chance,1,
m_TokenRemoveTag,conviction,
m_TokenRemoveAmount,99,
all_conditions,performer_has_2_plus_conviction,
m_IsVisible,False,
element_end
element_start,ves_seraph_mantra_heal,Effect
m_Chance,1,
m_HealthHealPercent,0.3,
m_CritChance,0.05,
m_CritMultiplier,0.5,
element_end
element_start,ves_seraph_mantra_heal_u,Effect
m_Chance,1,
m_HealthHealPercent,0.5,
m_CritChance,0.05,
m_CritMultiplier,0.5,
element_end
element_start,ves_seraph_self_add_1_conviction,Effect
m_Chance,1,
m_TokenAddId,conviction,
m_TokenAddAmount,1,
m_ShowValue,False,
all_conditions,performer_is_vestal,
element_end
element_start,ves_signature_item_effect,Effect
m_Chance,0.05,
m_LootIds,holy_hymnal_inn,
element_end
element_start,ves1_flame_dead_stress,Effect
m_Chance,1,
m_IgnoreResist,True,
m_StressDamage,10,
all_conditions,enemy_party_has_no_vestal_flame,
element_end
element_start,ves1_flame_decay_damage,Effect
m_Chance,1,
m_HealthDamageAmount,10,
all_conditions,performer_health_over_10pct,
element_end
element_start,ves2_glimmer_conviction_manager_e,Effect
m_Chance,1,
buffs,ves2_glimmer_conviction_manager,
element_end
element_start,ves2_judgement_heal,Effect
m_Chance,1,
m_HealthHealPercent,0.3,
m_CritChance,0.05,
m_CritMultiplier,0.5,
all_conditions,performer_has_2_plus_conviction,
m_IsVisible,False,
element_end
element_start,ves2_torturer_more_more_buff_e,Effect
m_Chance,1,
buffs,ves2_torturer_more_more_buff,
element_end
element_start,ves2_torturer_more_more_heal_15pct,Effect
m_Chance,1,
m_HealthHealPercent,0.15,
m_CritChance,0.05,
m_CritMultiplier,0.5,
all_conditions,performer_has_1_pain_heal,
element_end
element_start,ves2_torturer_more_more_heal_30pct,Effect
m_Chance,1,
m_HealthHealPercent,0.3,
m_CritChance,0.05,
m_CritMultiplier,0.5,
all_conditions,performer_has_2_pain_heal,
element_end
element_start,ves2_torturer_more_more_heal_buff,Effect
m_Chance,1,
buffs,ves2_torturer_more_more_heal_buff,
element_end
element_start,ves2_vestal_brace_bleed_res_e,Effect
m_Chance,1,
buffs,ves2_vestal_brace_bleed_res,
element_end
element_start,whipper_ignite_self,Effect
m_Chance,1,
m_ChangeClassActorId,fanatic_whipper_ignited,
m_AddTurn,1,
element_end
element_start,whipper_ignited_flaming_whip_burn,Effect
m_Chance,1,
m_DotAddId,very_small_burn_dot,
m_DotAddAmount,1,
element_end
element_start,whipper_ignited_flaming_whip_debuff_e,Effect
m_Chance,1,
buffs,whipper_ignited_whip_crack_debuff,
element_end
element_start,whipper_ignited_whip_crack_burn,Effect
m_Chance,1,
m_DotAddId,small_burn_dot,
m_DotAddAmount,1,
element_end
element_start,whipper_ignited_whip_trip_burn,Effect
m_Chance,1,
m_DotAddId,small_burn_dot,
m_DotAddAmount,1,
element_end
element_start,whispering_darkness_bark,Effect
m_Chance,1,
m_BarkId,dreaming_general_hero_bad_dream,
m_IsVisible,False,
element_end
element_start,woodsman_carve_the_toy_bleed,Effect
m_Chance,1,
m_DotAddId,medium_bleed_dot,
m_DotAddAmount,1,
element_end
element_start,curio_faceless_facsimile_crit_chc_buff_e,Effect
m_Chance,1,
buffs,curio_faceless_facsimile_crit_chc_buff,
element_end
element_start,curio_faceless_facsimile_strength_chc_buff_e,Effect
m_Chance,1,
buffs,curio_faceless_facsimile_strength_chc_buff,
element_end
element_start,curio_memories_of_a_dream_resolute_chc_buff_e,Effect
m_Chance,1,
buffs,curio_memories_of_a_dream_resolute_chc_buff,
element_end
element_start,curio_sealed_doorway_speed_buff_e,Effect
m_Chance,1,
buffs,curio_sealed_doorway_speed_buff,
element_end
element_start,curio_thought_experiment_speed_buff_e,Effect
m_Chance,1,
buffs,curio_thought_experiment_speed_buff,
element_end
element_start,curio_thought_experiment_debuff_resist_buff_e,Effect
m_Chance,1,
buffs,curio_thought_experiment_debuff_resist_buff,
element_end
element_start,curio_timeworn_volumes_debuff_resist_buff_e,Effect
m_Chance,1,
buffs,curio_timeworn_volumes_debuff_resist_buff,
element_end
element_start,add_1_block_plus_75pct,Effect
m_Chance,0.75,
m_TokenAddId,block_plus,
m_TokenAddAmount,1,
m_ShowValue,False,
element_end
element_start,shambler_wriggling_feast_heal,Effect
m_Chance,1,
m_HealthHealAmount,8,
m_CritChance,0,
m_CritMultiplier,0,
all_conditions,performer_is_combo_primed,target_is_shambler,
element_end
element_start,torch_set_to_1,Effect
m_Chance,1,
torch,1,
m_RunValuesIsSetTo,True,
element_end
element_start,fake_altar_of_ambition_buff_tooltip,Effect
m_Chance,1,
m_AddTurn,1,
all_conditions,always_return_false_hidden,
element_end
element_start,extra_initiative_1_round_buff_e,Effect
m_Chance,0.5,
buffs,extra_initiative_1_round_buff,
all_conditions,performer_has_1_logic_b,
element_end
element_start,altar_of_ambition_buff_e,Effect
m_Chance,1,
buffs,altar_of_ambition_buff,
element_end
element_start,altar_of_cowardice_retreat,Effect
m_Chance,0.25,
m_IgnoreResist,True,
m_Move,2,
element_end
element_start,altar_of_cowardice_buff_e,Effect
m_Chance,1,
buffs,altar_of_cowardice_buff,
element_end
element_start,remove_all_weak_if_run_ambition,Effect
m_Chance,1,
m_TokenRemoveId,weak,
m_TokenRemoveAmount,99,
m_ShowValue,False,
all_conditions,run_boss_is_arms,
element_end
element_start,remove_all_vulnerable_if_run_cowardice,Effect
m_Chance,1,
m_TokenRemoveId,vulnerable,
m_TokenRemoveAmount,99,
m_ShowValue,False,
all_conditions,run_boss_is_body,
element_end
element_start,prime_combo_if_no_party_combo,Effect
m_Chance,1,
m_TokenAddId,combo,
m_TokenAddAmount,1,
m_ShowValue,False,
all_conditions,hero_party_has_no_combo,
element_end
element_start,move_shuffle_shambler_start,Effect
m_Chance,1,
m_IgnoreResist,True,
m_Priority,-10,
m_Shuffle,True,
all_conditions,stagecoach_trophy_allows_shuffle,
element_end
element_start,herostory_flg_1_bark_gone_toxic,Effect
m_Chance,1,
m_BarkId,overstressed_herostory_toxic,
m_IsVisible,False,
element_end
element_start,skulker_stealth_blight_buff_e,Effect
m_Chance,1,
buffs,skulker_stealth_blight_buff,
element_end
element_start,skulker_stealth_crit_buff_e,Effect
m_Chance,1,
buffs,skulker_stealth_crit_buff,
element_end
element_start,snap_judgement_spd_buff_e,Effect
m_Chance,1,
buffs,snap_judgement_spd_buff,
element_end
element_start,add_1_neg_trinket_token_last_initiative,Effect
m_Chance,1,
m_TokenAddTag,neg_trinket_token,
m_TokenAddAmount,1,
all_conditions,performer_has_last_initiative,
element_end
element_start,add_1_pos_trinket_token_snap_judgement,Effect
m_Chance,1,
m_TokenAddTag,pos_trinket_token,
m_TokenAddAmount,1,
all_conditions,performer_speed_8orgreater,
element_end
element_start,end_combo_snap_judgement,Effect
m_Chance,1,
m_IsCombo,True,
m_TokenRemoveId,combo,
m_TokenRemoveAmount,1,
m_ShowValue,False,
all_conditions,performer_speed_12orgreater,
element_end
element_start,extra_action_snap_judgement,Effect
m_Chance,0.1,
m_AddTurn,1,
all_conditions,performer_speed_12orgreater,
element_end
element_start,stars_align_god_block,Effect
m_Chance,1,
m_TokenAddId,block,
m_TokenAddAmount,1,
m_ShowValue,False,
all_conditions,target_is_god,
m_IsVisible,False,
element_end
element_start,stars_align_god_dodge,Effect
m_Chance,1,
m_TokenAddId,dodge,
m_TokenAddAmount,1,
m_ShowValue,False,
all_conditions,target_is_god,
m_IsVisible,False,
element_end
element_start,stars_align_god_crit,Effect
m_Chance,1,
m_TokenAddId,crit,
m_TokenAddAmount,1,
m_ShowValue,False,
all_conditions,target_is_god,
m_IsVisible,False,
element_end
element_start,stars_align_god_block_plus,Effect
m_Chance,1,
m_TokenAddId,block_plus,
m_TokenAddAmount,1,
m_ShowValue,False,
all_conditions,target_is_god,
m_IsVisible,False,
element_end
element_start,stars_align_god_dodge_plus,Effect
m_Chance,1,
m_TokenAddId,dodge_plus,
m_TokenAddAmount,1,
m_ShowValue,False,
all_conditions,target_is_god,
m_IsVisible,False,
element_end
element_start,runaway_combo_burn_spread_hidden,Effect
m_Chance,1,
m_DotAddId,skill_medium_burn_dot,
m_DotAddAmount,1,
all_conditions,performer_is_combo_primed,
m_IsVisible,False,
element_end
element_start,hel_bloodlust_bleed_res_buff_e,Effect
m_Chance,1,
buffs,hel_bloodlust_bleed_res_buff,
element_end
element_start,shackles_paralyzing_fear_stun_75pct,Effect
m_Chance,0.75,
m_TokenAddId,stun,
m_TokenAddAmount,1,
m_ShowValue,False,
all_conditions,hero_party_has_more_than_2_heroes,
element_end
element_start,shambler_angry_parent_speed_buff_e,Effect
m_Chance,1,
buffs,shambler_angry_parent_speed_buff,
all_conditions,stagecoach_has_pet_shambler_equipped,
element_end
element_start,shambler_angry_parent_dmg_buff_e,Effect
m_Chance,1,
buffs,shambler_angry_parent_dmg_buff,
all_conditions,stagecoach_has_pet_shambler_equipped,
element_end
element_start,remove_all_quirk_turn_replacement,Effect
m_Chance,1,
m_TokenRemoveTag,quirk_turn_replacement,
m_TokenRemoveAmount,99,
element_end
element_start,destroy_all_negative_tokens_high_priority,Effect
m_Chance,1,
m_Priority,10,
m_TokenRemoveTag,negative,
m_TokenRemoveAmount,99,
element_end
element_start,move_forward_3_if_target_maniac,Effect
m_Chance,1,
m_Move,-3,
all_conditions,target_is_path_flg_maniac,
element_end
element_start,infernal_flame_deathblow_res_buff_e,Effect
m_Chance,1,
buffs,infernal_flame_deathblow_res_buff,
element_end
